0	1
1	3
2	3
3	5
4	3
5	1
6	4
7	5
8	5
9	1
10	1
11	4
12	1
13	1
14	2
15	4
16	3
17	4
18	4
19	2
20	1
21	3
22	4
23	2
24	4
25	1
26	1
27	5
28	4
29	4
30	5
31	5
32	5
33	3
34	2
35	4
36	5
37	2
38	2
39	2
40	3
41	5
42	1
43	3
44	2
45	1
46	3
47	2
48	3
49	1
50	2
51	3
52	5
53	4
54	5
55	4
56	3
57	1
58	5
59	3
60	2
61	2
62	3
63	5
64	5
65	5
66	3
67	3
68	3
69	4
70	2
71	3
72	2
73	2
74	2
75	5
76	4
77	3
78	5
79	3
80	3
81	4
82	2
83	2
84	4
85	3
86	4
87	5
88	2
89	2
90	4
91	1
92	2
93	5
94	1
95	4
96	1
97	2
98	3
99	2
100	4
101	2
102	1
103	5
104	1
105	2
106	2
107	3
108	1
109	4
110	3
111	2
112	5
113	1
114	5
115	4
116	3
117	3
118	2
119	5
120	2
121	3
122	3
123	4
124	3
125	5
126	1
127	5
128	4
129	3
130	1
131	1
132	2
133	1
134	3
135	1
136	5
137	5
138	1
139	4
140	1
141	3
142	1
143	4
144	1
145	1
146	3
147	1
148	2
149	1
150	1
151	5
152	5
153	3
154	2
155	2
156	2
157	5
158	5
159	2
160	4
161	3
162	3
163	5
164	3
165	2
166	4
167	3
168	3
169	5
170	1
171	1
172	3
173	5
174	4
175	2
176	1
177	5
178	5
179	4
180	2
181	5
182	2
183	5
184	3
185	1
186	5
187	5
188	5
189	4
190	5
191	4
192	3
193	2
194	5
195	5
196	5
197	1
198	1
199	5
200	4
201	3
202	4
203	5
204	5
205	5
206	3
207	2
208	3
209	2
210	1
211	4
212	4
213	2
214	3
215	4
216	3
217	5
218	4
219	5
220	4
221	5
222	4
223	4
224	1
225	3
226	5
227	3
228	2
229	1
230	5
231	3
232	5
233	3
234	3
235	1
236	2
237	4
238	2
239	4
240	4
241	1
242	4
243	5
244	4
245	2
246	1
247	5
248	2
249	1
250	3
251	5
252	1
253	4
254	4
255	2
256	2
257	5
258	2
259	2
260	4
261	2
262	4
263	5
264	4
265	4
266	2
267	5
268	4
269	1
270	2
271	3
272	3
273	5
274	4
275	2
276	1
277	5
278	4
279	5
280	2
281	2
282	4
283	3
284	3
285	1
286	5
287	3
288	1
289	3
290	2
291	5
292	5
293	3
294	2
295	5
296	4
297	1
298	2
299	4
300	3
301	1
302	3
303	5
304	4
305	5
306	5
307	3
308	4
309	5
310	4
311	1
312	1
313	2
314	5
315	1
316	2
317	1
318	4
319	5
320	4
321	3
322	2
323	5
324	5
325	5
326	5
327	4
328	4
329	4
330	2
331	4
332	5
333	1
334	2
335	2
336	1
337	3
338	1
339	5
340	3
341	3
342	5
343	4
344	3
345	2
346	5
347	1
348	2
349	2
350	4
351	3
352	4
353	2
354	1
355	2
356	1
357	5
358	5
359	4
360	2
361	4
362	2
363	3
364	1
365	2
366	1
367	2
368	3
369	2
370	5
371	1
372	1
373	5
374	5
375	2
376	3
377	3
378	4
379	3
380	3
381	5
382	1
383	2
384	3
385	4
386	3
387	5
388	5
389	4
390	4
391	1
392	5
393	1
394	4
395	3
396	1
397	1
398	4
399	5
400	4
401	5
402	4
403	2
404	2
405	5
406	3
407	1
408	1
409	4
410	5
411	5
412	3
413	2
414	3
415	4
416	4
417	5
418	4
419	3
420	3
421	2
422	3
423	4
424	5
425	4
426	5
427	2
428	4
429	5
430	4
431	4
432	3
433	1
434	3
435	1
436	3
437	5
438	1
439	5
440	5
441	1
442	5
443	2
444	1
445	2
446	4
447	2
448	3
449	5
450	4
451	5
452	3
453	3
454	1
455	1
456	3
457	5
458	3
459	2
460	2
461	5
462	2
463	5
464	5
465	2
466	2
467	3
468	3
469	3
470	1
471	3
472	3
473	2
474	5
475	2
476	2
477	5
478	4
479	3
480	3
481	2
482	4
483	5
484	3
485	4
486	3
487	1
488	3
489	2
490	2
491	3
492	3
493	5
494	1
495	4
496	2
497	4
498	4
499	1
500	2
501	5
502	4
503	5
504	2
505	4
506	3
507	4
508	4
509	5
510	3
511	3
512	1
513	3
514	5
515	3
516	3
517	1
518	1
519	5
520	4
521	4
522	5
523	2
524	4
525	1
526	1
527	5
528	5
529	5
530	5
531	1
532	1
533	5
534	3
535	4
536	4
537	4
538	5
539	4
540	4
541	2
542	1
543	4
544	4
545	4
546	2
547	5
548	3
549	3
550	4
551	4
552	1
553	5
554	1
555	2
556	3
557	5
558	1
559	1
560	5
561	2
562	1
563	5
564	5
565	4
566	5
567	4
568	4
569	3
570	3
571	3
572	3
573	4
574	3
575	2
576	2
577	2
578	2
579	3
580	1
581	1
582	5
583	3
584	1
585	4
586	3
587	5
588	5
589	2
590	5
591	4
592	1
593	2
594	3
595	5
596	4
597	3
598	4
599	1
600	4
601	1
602	3
603	5
604	2
605	2
606	5
607	4
608	2
609	3
610	2
611	1
612	5
613	2
614	1
615	1
616	2
617	2
618	5
619	1
620	2
621	1
622	1
623	5
624	5
625	3
626	2
627	5
628	4
629	3
630	5
631	1
632	4
633	5
634	4
635	5
636	4
637	5
638	1
639	2
640	5
641	4
642	3
643	4
644	3
645	4
646	1
647	2
648	1
649	5
650	3
651	3
652	2
653	1
654	5
655	5
656	3
657	4
658	4
659	2
660	5
661	1
662	1
663	3
664	1
665	1
666	2
667	5
668	4
669	4
670	1
671	2
672	2
673	3
674	1
675	4
676	5
677	4
678	4
679	4
680	1
681	3
682	4
683	1
684	3
685	5
686	1
687	2
688	3
689	5
690	5
691	3
692	3
693	3
694	5
695	1
696	1
697	4
698	4
699	4
700	4
701	2
702	1
703	5
704	1
705	5
706	2
707	2
708	2
709	3
710	3
711	3
712	3
713	4
714	5
715	3
716	5
717	2
718	2
719	3
720	4
721	3
722	4
723	1
724	5
725	5
726	1
727	1
728	1
729	2
730	1
731	1
732	5
733	4
734	4
735	2
736	4
737	4
738	1
739	2
740	2
741	4
742	2
743	3
744	3
745	5
746	4
747	4
748	1
749	5
750	2
751	3
752	1
753	2
754	2
755	1
756	3
757	3
758	5
759	1
760	1
761	2
762	1
763	3
764	2
765	5
766	4
767	3
768	4
769	2
770	4
771	1
772	1
773	1
774	2
775	5
776	4
777	5
778	4
779	1
780	5
781	5
782	1
783	1
784	2
785	1
786	3
787	4
788	4
789	1
790	2
791	1
792	5
793	5
794	4
795	2
796	5
797	5
798	1
799	4
800	5
801	1
802	3
803	4
804	1
805	5
806	1
807	4
808	5
809	3
810	3
811	5
812	5
813	1
814	2
815	5
816	2
817	1
818	2
819	2
820	4
821	3
822	3
823	3
824	4
825	5
826	2
827	3
828	4
829	5
830	4
831	4
832	5
833	2
834	1
835	2
836	5
837	2
838	3
839	3
840	2
841	4
842	4
843	3
844	2
845	5
846	1
847	2
848	4
849	1
850	3
851	4
852	5
853	4
854	2
855	3
856	2
857	5
858	3
859	2
860	4
861	3
862	4
863	2
864	4
865	4
866	3
867	2
868	1
869	2
870	5
871	1
872	1
873	5
874	1
875	4
876	4
877	3
878	2
879	1
880	5
881	3
882	5
883	4
884	5
885	4
886	4
887	5
888	1
889	2
890	2
891	2
892	3
893	1
894	5
895	2
896	1
897	5
898	2
899	1
900	1
901	3
902	4
903	1
904	3
905	3
906	5
907	2
908	2
909	3
910	5
911	2
912	2
913	4
914	3
915	5
916	3
917	5
918	3
919	4
920	5
921	3
922	3
923	5
924	4
925	2
926	5
927	4
928	1
929	5
930	1
931	3
932	2
933	3
934	1
935	1
936	4
937	3
938	4
939	4
940	4
941	2
942	2
943	4
944	4
945	5
946	4
947	3
948	3
949	2
950	3
951	4
952	4
953	2
954	5
955	1
956	2
957	3
958	5
959	4
960	2
961	4
962	4
963	1
964	1
965	3
966	4
967	1
968	4
969	2
970	1
971	3
972	1
973	2
974	4
975	4
976	3
977	3
978	1
979	5
980	2
981	4
982	5
983	5
984	5
985	2
986	5
987	1
988	2
989	4
990	4
991	5
992	3
993	5
994	1
995	2
996	5
997	2
998	1
999	2
1000	3
1001	1
1002	4
1003	4
1004	4
1005	4
1006	2
1007	3
1008	2
1009	1
1010	5
1011	3
1012	3
1013	4
1014	4
1015	4
1016	5
1017	4
1018	4
1019	1
1020	5
1021	3
1022	5
1023	3
1024	1
1025	5
1026	4
1027	4
1028	2
1029	1
1030	4
1031	5
1032	2
1033	3
1034	2
1035	1
1036	4
1037	2
1038	3
1039	2
1040	1
1041	3
1042	1
1043	2
1044	5
1045	4
1046	1
1047	1
1048	4
1049	1
1050	2
1051	2
1052	4
1053	5
1054	4
1055	3
1056	4
1057	3
1058	4
1059	4
1060	2
1061	1
1062	3
1063	3
1064	2
1065	3
1066	2
1067	1
1068	2
1069	4
1070	2
1071	1
1072	3
1073	4
1074	2
1075	5
1076	5
1077	5
1078	5
1079	1
1080	3
1081	4
1082	5
1083	1
1084	2
1085	2
1086	2
1087	3
1088	3
1089	2
1090	5
1091	5
1092	2
1093	1
1094	3
1095	2
1096	2
1097	5
1098	3
1099	5
1100	2
1101	2
1102	4
1103	1
1104	3
1105	4
1106	5
1107	4
1108	1
1109	4
1110	3
1111	2
1112	5
1113	3
1114	1
1115	2
1116	1
1117	1
1118	1
1119	4
1120	4
1121	4
1122	3
1123	1
1124	3
1125	2
1126	4
1127	5
1128	3
1129	5
1130	5
1131	4
1132	4
1133	5
1134	1
1135	3
1136	3
1137	5
1138	1
1139	5
1140	3
1141	4
1142	4
1143	5
1144	5
1145	5
1146	5
1147	3
1148	4
1149	3
1150	4
1151	1
1152	1
1153	5
1154	5
1155	5
1156	2
1157	5
1158	3
1159	5
1160	2
1161	5
1162	3
1163	3
1164	2
1165	4
1166	5
1167	3
1168	5
1169	4
1170	3
1171	2
1172	2
1173	1
1174	2
1175	2
1176	5
1177	2
1178	3
1179	2
1180	5
1181	1
1182	1
1183	2
1184	1
1185	1
1186	3
1187	5
1188	1
1189	1
1190	1
1191	1
1192	3
1193	3
1194	3
1195	3
1196	3
1197	4
1198	2
1199	3
1200	2
1201	3
1202	2
1203	1
1204	1
1205	1
1206	3
1207	3
1208	3
1209	1
1210	5
1211	4
1212	3
1213	4
1214	2
1215	2
1216	4
1217	5
1218	3
1219	4
1220	4
1221	4
1222	3
1223	1
1224	1
1225	3
1226	3
1227	5
1228	1
1229	3
1230	2
1231	1
1232	5
1233	1
1234	5
1235	2
1236	1
1237	2
1238	5
1239	2
1240	5
1241	4
1242	4
1243	5
1244	2
1245	2
1246	4
1247	2
1248	2
1249	4
1250	3
1251	5
1252	2
1253	4
1254	5
1255	3
1256	1
1257	5
1258	3
1259	3
1260	1
1261	2
1262	2
1263	4
1264	4
1265	2
1266	4
1267	2
1268	4
1269	3
1270	2
1271	4
1272	4
1273	3
1274	4
1275	5
1276	2
1277	1
1278	2
1279	1
1280	1
1281	4
1282	2
1283	1
1284	1
1285	5
1286	2
1287	3
1288	5
1289	3
1290	3
1291	2
1292	2
1293	3
1294	3
1295	5
1296	4
1297	4
1298	1
1299	1
1300	2
1301	1
1302	3
1303	2
1304	5
1305	4
1306	1
1307	2
1308	4
1309	3
1310	1
1311	2
1312	1
1313	5
1314	3
1315	5
1316	2
1317	5
1318	5
1319	1
1320	4
1321	2
1322	3
1323	1
1324	4
1325	4
1326	1
1327	1
1328	3
1329	4
1330	4
1331	4
1332	3
1333	3
1334	5
1335	2
1336	3
1337	3
1338	2
1339	5
1340	3
1341	5
1342	3
1343	4
1344	2
1345	5
1346	4
1347	5
1348	2
1349	5
1350	1
1351	4
1352	1
1353	1
1354	5
1355	3
1356	3
1357	1
1358	1
1359	2
1360	2
1361	3
1362	5
1363	5
1364	3
1365	5
1366	5
1367	1
1368	3
1369	1
1370	3
1371	1
1372	4
1373	4
1374	3
1375	1
1376	2
1377	5
1378	3
1379	3
1380	2
1381	2
1382	5
1383	5
1384	5
1385	5
1386	4
1387	4
1388	1
1389	2
1390	5
1391	3
1392	2
1393	3
1394	1
1395	3
1396	4
1397	3
1398	1
1399	1
1400	5
1401	4
1402	4
1403	3
1404	4
1405	3
1406	4
1407	4
1408	1
1409	4
1410	2
1411	1
1412	5
1413	3
1414	4
1415	1
1416	2
1417	5
1418	5
1419	5
1420	4
1421	4
1422	5
1423	1
1424	4
1425	2
1426	4
1427	4
1428	3
1429	5
1430	4
1431	1
1432	3
1433	1
1434	1
1435	3
1436	2
1437	5
1438	4
1439	1
1440	4
1441	1
1442	3
1443	5
1444	1
1445	3
1446	3
1447	1
1448	3
1449	1
1450	4
1451	2
1452	3
1453	3
1454	3
1455	2
1456	5
1457	4
1458	1
1459	1
1460	2
1461	3
1462	5
1463	2
1464	3
1465	5
1466	5
1467	3
1468	4
1469	5
1470	5
1471	2
1472	4
1473	2
1474	4
1475	1
1476	1
1477	2
1478	2
1479	2
1480	2
1481	4
1482	2
1483	5
1484	4
1485	2
1486	5
1487	3
1488	1
1489	2
1490	2
1491	3
1492	4
1493	3
1494	2
1495	4
1496	5
1497	3
1498	2
1499	4
1500	1
1501	4
1502	3
1503	2
1504	1
1505	2
1506	4
1507	2
1508	3
1509	5
1510	2
1511	1
1512	3
1513	2
1514	1
1515	2
1516	4
1517	2
1518	5
1519	3
1520	5
1521	4
1522	5
1523	1
1524	3
1525	5
1526	2
1527	2
1528	3
1529	2
1530	1
1531	4
1532	4
1533	1
1534	3
1535	4
1536	1
1537	5
1538	4
1539	3
1540	5
1541	1
1542	2
1543	2
1544	4
1545	1
1546	5
1547	5
1548	3
1549	2
1550	5
1551	4
1552	3
1553	4
1554	2
1555	5
1556	3
1557	4
1558	3
1559	3
1560	5
1561	2
1562	4
1563	2
1564	4
1565	4
1566	4
1567	3
1568	2
1569	2
1570	3
1571	4
1572	3
1573	3
1574	5
1575	3
1576	4
1577	3
1578	4
1579	3
1580	2
1581	5
1582	1
1583	3
1584	5
1585	3
1586	3
1587	3
1588	1
1589	2
1590	3
1591	1
1592	4
1593	2
1594	1
1595	1
1596	4
1597	4
1598	4
1599	3
1600	1
1601	3
1602	5
1603	5
1604	2
1605	5
1606	5
1607	5
1608	2
1609	4
1610	1
1611	5
1612	3
1613	2
1614	1
1615	2
1616	1
1617	1
1618	1
1619	2
1620	4
1621	1
1622	3
1623	1
1624	3
1625	3
1626	5
1627	3
1628	4
1629	5
1630	4
1631	4
1632	1
1633	3
1634	3
1635	1
1636	5
1637	1
1638	3
1639	5
1640	3
1641	2
1642	4
1643	5
1644	2
1645	5
1646	4
1647	5
1648	4
1649	3
1650	1
1651	4
1652	4
1653	2
1654	4
1655	3
1656	4
1657	4
1658	5
1659	1
1660	4
1661	4
1662	3
1663	2
1664	4
1665	1
1666	4
1667	4
1668	1
1669	4
1670	4
1671	3
1672	1
1673	5
1674	5
1675	2
1676	5
1677	4
1678	5
1679	5
1680	2
1681	3
1682	4
1683	4
1684	5
1685	4
1686	4
1687	5
1688	1
1689	1
1690	4
1691	3
1692	5
1693	3
1694	5
1695	2
1696	4
1697	4
1698	3
1699	4
1700	5
1701	1
1702	2
1703	4
1704	2
1705	4
1706	3
1707	5
1708	4
1709	5
1710	4
1711	2
1712	4
1713	1
1714	5
1715	3
1716	3
1717	2
1718	1
1719	2
1720	2
1721	4
1722	5
1723	1
1724	5
1725	5
1726	3
1727	1
1728	4
1729	1
1730	3
1731	1
1732	1
1733	1
1734	1
1735	2
1736	5
1737	5
1738	2
1739	5
1740	4
1741	1
1742	3
1743	1
1744	1
1745	2
1746	2
1747	3
1748	3
1749	2
1750	3
1751	2
1752	3
1753	4
1754	1
1755	1
1756	5
1757	4
1758	3
1759	3
1760	2
1761	4
1762	1
1763	2
1764	3
1765	4
1766	3
1767	3
1768	2
1769	4
1770	4
1771	5
1772	4
1773	2
1774	2
1775	3
1776	5
1777	4
1778	4
1779	4
1780	1
1781	1
1782	2
1783	3
1784	1
1785	3
1786	4
1787	2
1788	4
1789	3
1790	5
1791	1
1792	4
1793	5
1794	1
1795	5
1796	3
1797	3
1798	3
1799	2
1800	4
1801	1
1802	3
1803	1
1804	5
1805	4
1806	1
1807	5
1808	2
1809	4
1810	3
1811	4
1812	1
1813	5
1814	5
1815	1
1816	4
1817	4
1818	1
1819	3
1820	3
1821	1
1822	3
1823	5
1824	5
1825	3
1826	4
1827	1
1828	1
1829	1
1830	5
1831	2
1832	5
1833	5
1834	5
1835	3
1836	1
1837	1
1838	3
1839	1
1840	5
1841	1
1842	2
1843	4
1844	3
1845	4
1846	5
1847	5
1848	4
1849	3
1850	5
1851	4
1852	4
1853	1
1854	3
1855	2
1856	1
1857	5
1858	2
1859	5
1860	3
1861	1
1862	2
1863	2
1864	1
1865	1
1866	5
1867	3
1868	5
1869	3
1870	3
1871	1
1872	3
1873	5
1874	1
1875	1
1876	3
1877	4
1878	2
1879	5
1880	3
1881	5
1882	1
1883	4
1884	2
1885	4
1886	2
1887	1
1888	2
1889	1
1890	1
1891	2
1892	5
1893	5
1894	2
1895	2
1896	3
1897	4
1898	1
1899	2
1900	4
1901	3
1902	2
1903	3
1904	5
1905	1
1906	3
1907	4
1908	4
1909	5
1910	1
1911	1
1912	3
1913	2
1914	3
1915	4
1916	2
1917	5
1918	4
1919	5
1920	4
1921	1
1922	3
1923	3
1924	5
1925	3
1926	1
1927	5
1928	2
1929	2
1930	3
1931	3
1932	4
1933	3
1934	1
1935	3
1936	2
1937	4
1938	4
1939	3
1940	5
1941	3
1942	2
1943	3
1944	2
1945	3
1946	3
1947	5
1948	5
1949	4
1950	2
1951	5
1952	1
1953	1
1954	1
1955	2
1956	5
1957	4
1958	2
1959	4
1960	4
1961	3
1962	1
1963	2
1964	1
1965	4
1966	5
1967	2
1968	5
1969	1
1970	5
1971	2
1972	1
1973	1
1974	4
1975	4
1976	3
1977	1
1978	4
1979	1
1980	1
1981	5
1982	2
1983	5
1984	3
1985	3
1986	2
1987	5
1988	2
1989	1
1990	2
1991	4
1992	5
1993	1
1994	2
1995	5
1996	3
1997	4
1998	3
1999	2
2000	1
2001	2
2002	2
2003	3
2004	1
2005	3
2006	1
2007	5
2008	5
2009	3
2010	4
2011	2
2012	1
2013	5
2014	2
2015	4
2016	2
2017	1
2018	4
2019	1
2020	5
2021	4
2022	2
2023	3
2024	4
2025	4
2026	3
2027	1
2028	4
2029	2
2030	5
2031	3
2032	1
2033	5
2034	1
2035	2
2036	2
2037	5
2038	5
2039	5
2040	2
2041	2
2042	3
2043	3
2044	3
2045	5
2046	1
2047	1
2048	1
2049	4
2050	4
2051	4
2052	4
2053	1
2054	5
2055	3
2056	1
2057	4
2058	4
2059	3
2060	3
2061	5
2062	2
2063	5
2064	2
2065	4
2066	1
2067	2
2068	3
2069	2
2070	4
2071	1
2072	5
2073	4
2074	4
2075	2
2076	5
2077	1
2078	2
2079	5
2080	3
2081	3
2082	4
2083	4
2084	3
2085	4
2086	1
2087	4
2088	2
2089	3
2090	3
2091	4
2092	2
2093	5
2094	2
2095	1
2096	4
2097	1
2098	4
2099	5
2100	1
2101	1
2102	1
2103	2
2104	1
2105	4
2106	5
2107	4
2108	2
2109	4
2110	1
2111	4
2112	2
2113	4
2114	2
2115	2
2116	4
2117	1
2118	4
2119	4
2120	3
2121	5
2122	2
2123	5
2124	5
2125	1
2126	2
2127	1
2128	5
2129	4
2130	2
2131	3
2132	3
2133	2
2134	3
2135	5
2136	2
2137	4
2138	4
2139	5
2140	3
2141	2
2142	5
2143	1
2144	3
2145	1
2146	2
2147	3
2148	3
2149	5
2150	4
2151	5
2152	4
2153	5
2154	1
2155	5
2156	2
2157	1
2158	5
2159	3
2160	1
2161	5
2162	1
2163	5
2164	5
2165	2
2166	4
2167	2
2168	2
2169	5
2170	1
2171	5
2172	4
2173	1
2174	4
2175	5
2176	2
2177	3
2178	3
2179	1
2180	3
2181	3
2182	1
2183	1
2184	1
2185	5
2186	3
2187	1
2188	5
2189	3
2190	5
2191	1
2192	3
2193	4
2194	5
2195	3
2196	1
2197	4
2198	1
2199	1
2200	5
2201	2
2202	5
2203	1
2204	4
2205	3
2206	2
2207	3
2208	1
2209	3
2210	3
2211	2
2212	5
2213	2
2214	5
2215	1
2216	5
2217	3
2218	3
2219	2
2220	3
2221	3
2222	5
2223	3
2224	4
2225	4
2226	3
2227	3
2228	4
2229	3
2230	2
2231	4
2232	1
2233	2
2234	2
2235	3
2236	5
2237	4
2238	4
2239	2
2240	2
2241	3
2242	4
2243	3
2244	2
2245	5
2246	1
2247	2
2248	5
2249	3
2250	5
2251	4
2252	5
2253	2
2254	2
2255	5
2256	3
2257	2
2258	4
2259	3
2260	3
2261	2
2262	1
2263	2
2264	5
2265	2
2266	5
2267	4
2268	1
2269	4
2270	2
2271	5
2272	1
2273	1
2274	5
2275	5
2276	5
2277	4
2278	3
2279	1
2280	5
2281	1
2282	1
2283	4
2284	5
2285	4
2286	3
2287	1
2288	4
2289	4
2290	5
2291	5
2292	1
2293	1
2294	3
2295	5
2296	1
2297	4
2298	1
2299	2
2300	2
2301	5
2302	1
2303	4
2304	5
2305	2
2306	5
2307	4
2308	3
2309	3
2310	1
2311	2
2312	1
2313	5
2314	1
2315	1
2316	5
2317	2
2318	3
2319	5
2320	1
2321	1
2322	1
2323	4
2324	1
2325	3
2326	4
2327	4
2328	2
2329	1
2330	3
2331	1
2332	3
2333	3
2334	1
2335	4
2336	5
2337	1
2338	1
2339	2
2340	1
2341	1
2342	2
2343	5
2344	3
2345	3
2346	3
2347	2
2348	1
2349	3
2350	2
2351	3
2352	2
2353	1
2354	1
2355	1
2356	3
2357	1
2358	3
2359	5
2360	5
2361	5
2362	5
2363	1
2364	2
2365	5
2366	1
2367	4
2368	4
2369	2
2370	3
2371	1
2372	5
2373	2
2374	5
2375	2
2376	3
2377	5
2378	3
2379	3
2380	4
2381	2
2382	5
2383	5
2384	4
2385	5
2386	4
2387	4
2388	5
2389	4
2390	1
2391	5
2392	5
2393	3
2394	5
2395	3
2396	4
2397	4
2398	5
2399	4
2400	4
2401	2
2402	5
2403	1
2404	2
2405	4
2406	5
2407	3
2408	5
2409	4
2410	1
2411	4
2412	4
2413	2
2414	1
2415	5
2416	2
2417	1
2418	3
2419	3
2420	3
2421	5
2422	1
2423	1
2424	1
2425	4
2426	2
2427	1
2428	3
2429	3
2430	4
2431	4
2432	5
2433	3
2434	1
2435	3
2436	2
2437	4
2438	1
2439	1
2440	2
2441	2
2442	2
2443	1
2444	4
2445	3
2446	5
2447	3
2448	1
2449	1
2450	5
2451	4
2452	3
2453	2
2454	2
2455	3
2456	1
2457	5
2458	1
2459	5
2460	5
2461	1
2462	1
2463	3
2464	5
2465	3
2466	5
2467	3
2468	2
2469	5
2470	3
2471	4
2472	2
2473	1
2474	1
2475	4
2476	4
2477	3
2478	4
2479	2
2480	1
2481	2
2482	1
2483	4
2484	5
2485	2
2486	1
2487	4
2488	1
2489	3
2490	3
2491	2
2492	4
2493	2
2494	3
2495	3
2496	1
2497	1
2498	4
2499	2
2500	2
2501	1
2502	3
2503	2
2504	4
2505	1
2506	1
2507	5
2508	4
2509	2
2510	5
2511	4
2512	2
2513	4
2514	4
2515	3
2516	1
2517	1
2518	1
2519	4
2520	4
2521	5
2522	4
2523	4
2524	4
2525	1
2526	2
2527	2
2528	2
2529	5
2530	1
2531	4
2532	3
2533	3
2534	3
2535	5
2536	3
2537	4
2538	3
2539	1
2540	2
2541	3
2542	4
2543	1
2544	2
2545	5
2546	3
2547	2
2548	3
2549	3
2550	3
2551	1
2552	5
2553	3
2554	2
2555	1
2556	2
2557	1
2558	1
2559	5
2560	5
2561	1
2562	5
2563	3
2564	4
2565	2
2566	5
2567	3
2568	1
2569	5
2570	5
2571	4
2572	1
2573	4
2574	1
2575	2
2576	4
2577	1
2578	1
2579	4
2580	3
2581	1
2582	5
2583	2
2584	2
2585	1
2586	2
2587	4
2588	1
2589	3
2590	2
2591	5
2592	3
2593	1
2594	5
2595	4
2596	2
2597	4
2598	4
2599	4
2600	3
2601	1
2602	2
2603	5
2604	4
2605	5
2606	5
2607	4
2608	3
2609	5
2610	5
2611	1
2612	2
2613	3
2614	1
2615	3
2616	1
2617	3
2618	4
2619	4
2620	1
2621	4
2622	4
2623	1
2624	4
2625	1
2626	5
2627	4
2628	1
2629	2
2630	1
2631	2
2632	5
2633	5
2634	5
2635	5
2636	4
2637	4
2638	3
2639	5
2640	4
2641	2
2642	1
2643	4
2644	3
2645	3
2646	5
2647	5
2648	5
2649	3
2650	1
2651	1
2652	3
2653	5
2654	5
2655	3
2656	2
2657	2
2658	4
2659	2
2660	3
2661	2
2662	3
2663	5
2664	1
2665	2
2666	5
2667	5
2668	5
2669	1
2670	2
2671	4
2672	3
2673	3
2674	5
2675	3
2676	4
2677	5
2678	4
2679	3
2680	2
2681	5
2682	5
2683	4
2684	1
2685	1
2686	2
2687	4
2688	2
2689	2
2690	5
2691	5
2692	5
2693	3
2694	5
2695	4
2696	5
2697	2
2698	5
2699	4
2700	4
2701	2
2702	5
2703	3
2704	2
2705	3
2706	2
2707	3
2708	5
2709	5
2710	5
2711	3
2712	3
2713	3
2714	5
2715	5
2716	1
2717	2
2718	2
2719	4
2720	4
2721	2
2722	2
2723	2
2724	3
2725	5
2726	5
2727	3
2728	5
2729	5
2730	2
2731	2
2732	1
2733	5
2734	3
2735	5
2736	5
2737	4
2738	2
2739	1
2740	4
2741	3
2742	3
2743	4
2744	4
2745	4
2746	4
2747	2
2748	2
2749	2
2750	5
2751	3
2752	4
2753	3
2754	4
2755	4
2756	5
2757	4
2758	2
2759	5
2760	2
2761	5
2762	5
2763	3
2764	5
2765	2
2766	1
2767	5
2768	2
2769	4
2770	5
2771	2
2772	2
2773	4
2774	3
2775	2
2776	2
2777	4
2778	1
2779	1
2780	5
2781	5
2782	2
2783	1
2784	2
2785	4
2786	5
2787	3
2788	3
2789	2
2790	2
2791	1
2792	3
2793	5
2794	2
2795	2
2796	1
2797	4
2798	3
2799	5
2800	2
2801	5
2802	2
2803	4
2804	2
2805	5
2806	3
2807	5
2808	2
2809	4
2810	3
2811	5
2812	1
2813	1
2814	3
2815	3
2816	5
2817	3
2818	3
2819	2
2820	2
2821	5
2822	3
2823	3
2824	4
2825	4
2826	5
2827	4
2828	3
2829	4
2830	3
2831	4
2832	5
2833	4
2834	2
2835	5
2836	5
2837	3
2838	1
2839	4
2840	3
2841	4
2842	1
2843	3
2844	5
2845	5
2846	5
2847	2
2848	1
2849	3
2850	1
2851	5
2852	1
2853	4
2854	2
2855	2
2856	5
2857	3
2858	3
2859	4
2860	2
2861	1
2862	2
2863	3
2864	1
2865	1
2866	5
2867	2
2868	2
2869	2
2870	4
2871	1
2872	1
2873	1
2874	2
2875	5
2876	1
2877	5
2878	1
2879	4
2880	2
2881	2
2882	3
2883	1
2884	1
2885	5
2886	1
2887	3
2888	2
2889	5
2890	4
2891	2
2892	2
2893	1
2894	4
2895	1
2896	5
2897	3
2898	4
2899	3
2900	3
2901	2
2902	2
2903	2
2904	4
2905	4
2906	1
2907	2
2908	2
2909	1
2910	1
2911	3
2912	2
2913	2
2914	4
2915	4
2916	2
2917	1
2918	1
2919	2
2920	3
2921	2
2922	3
2923	2
2924	1
2925	2
2926	3
2927	5
2928	5
2929	4
2930	1
2931	1
2932	3
2933	1
2934	5
2935	5
2936	4
2937	4
2938	4
2939	2
2940	5
2941	3
2942	5
2943	1
2944	5
2945	1
2946	1
2947	2
2948	2
2949	2
2950	4
2951	2
2952	4
2953	4
2954	2
2955	4
2956	2
2957	1
2958	1
2959	2
2960	4
2961	4
2962	3
2963	1
2964	4
2965	2
2966	2
2967	5
2968	1
2969	3
2970	4
2971	2
2972	1
2973	5
2974	5
2975	1
2976	4
2977	1
2978	1
2979	2
2980	4
2981	2
2982	1
2983	4
2984	3
2985	1
2986	3
2987	5
2988	5
2989	1
2990	4
2991	3
2992	2
2993	5
2994	3
2995	2
2996	2
2997	2
2998	1
2999	2
3000	4
3001	3
3002	2
3003	3
3004	1
3005	1
3006	2
3007	5
3008	1
3009	5
3010	3
3011	2
3012	2
3013	4
3014	1
3015	1
3016	1
3017	1
3018	1
3019	4
3020	4
3021	5
3022	1
3023	2
3024	2
3025	1
3026	1
3027	4
3028	2
3029	5
3030	3
3031	1
3032	2
3033	3
3034	5
3035	4
3036	4
3037	1
3038	4
3039	3
3040	5
3041	1
3042	5
3043	1
3044	5
3045	2
3046	4
3047	1
3048	4
3049	2
3050	1
3051	5
3052	4
3053	1
3054	1
3055	2
3056	2
3057	2
3058	1
3059	2
3060	3
3061	2
3062	1
3063	2
3064	4
3065	2
3066	1
3067	4
3068	5
3069	4
3070	2
3071	3
3072	5
3073	2
3074	1
3075	4
3076	5
3077	2
3078	1
3079	1
3080	5
3081	3
3082	1
3083	2
3084	4
3085	4
3086	3
3087	5
3088	4
3089	2
3090	5
3091	1
3092	5
3093	4
3094	5
3095	2
3096	3
3097	4
3098	5
3099	1
3100	2
3101	1
3102	5
3103	1
3104	1
3105	4
3106	3
3107	2
3108	5
3109	1
3110	1
3111	5
3112	3
3113	5
3114	1
3115	5
3116	4
3117	3
3118	1
3119	2
3120	1
3121	1
3122	4
3123	5
3124	4
3125	1
3126	5
3127	1
3128	5
3129	2
3130	5
3131	3
3132	3
3133	3
3134	2
3135	2
3136	2
3137	3
3138	1
3139	2
3140	5
3141	3
3142	5
3143	1
3144	2
3145	5
3146	4
3147	5
3148	2
3149	2
3150	4
3151	5
3152	3
3153	4
3154	4
3155	4
3156	5
3157	3
3158	4
3159	4
3160	3
3161	4
3162	4
3163	1
3164	2
3165	3
3166	2
3167	3
3168	5
3169	4
3170	2
3171	1
3172	4
3173	4
3174	2
3175	5
3176	3
3177	3
3178	5
3179	2
3180	2
3181	5
3182	5
3183	5
3184	3
3185	5
3186	2
3187	4
3188	2
3189	1
3190	2
3191	5
3192	2
3193	5
3194	2
3195	4
3196	4
3197	4
3198	4
3199	1
3200	1
3201	3
3202	3
3203	4
3204	5
3205	2
3206	3
3207	4
3208	2
3209	3
3210	5
3211	1
3212	3
3213	4
3214	1
3215	2
3216	1
3217	2
3218	2
3219	3
3220	4
3221	2
3222	3
3223	1
3224	4
3225	3
3226	5
3227	5
3228	2
3229	4
3230	5
3231	4
3232	3
3233	3
3234	1
3235	3
3236	4
3237	3
3238	2
3239	1
3240	1
3241	2
3242	1
3243	4
3244	5
3245	5
3246	5
3247	4
3248	4
3249	5
3250	2
3251	2
3252	5
3253	2
3254	5
3255	5
3256	3
3257	5
3258	1
3259	1
3260	5
3261	2
3262	1
3263	3
3264	2
3265	4
3266	3
3267	3
3268	4
3269	5
3270	4
3271	2
3272	4
3273	2
3274	2
3275	1
3276	1
3277	5
3278	1
3279	2
3280	4
3281	5
3282	2
3283	3
3284	4
3285	5
3286	3
3287	1
3288	4
3289	2
3290	1
3291	4
3292	2
3293	1
3294	2
3295	1
3296	4
3297	3
3298	1
3299	5
3300	2
3301	2
3302	4
3303	4
3304	4
3305	2
3306	4
3307	1
3308	4
3309	5
3310	5
3311	5
3312	5
3313	3
3314	5
3315	1
3316	1
3317	4
3318	1
3319	4
3320	5
3321	2
3322	3
3323	2
3324	2
3325	4
3326	5
3327	2
3328	2
3329	2
3330	3
3331	3
3332	4
3333	1
3334	5
3335	5
3336	5
3337	2
3338	4
3339	5
3340	4
3341	2
3342	2
3343	5
3344	5
3345	1
3346	4
3347	4
3348	4
3349	3
3350	4
3351	3
3352	4
3353	4
3354	5
3355	3
3356	2
3357	5
3358	5
3359	3
3360	1
3361	3
3362	4
3363	5
3364	1
3365	3
3366	1
3367	1
3368	2
3369	4
3370	4
3371	5
3372	2
3373	1
3374	5
3375	4
3376	5
3377	5
3378	5
3379	2
3380	2
3381	1
3382	1
3383	2
3384	2
3385	5
3386	3
3387	5
3388	1
3389	5
3390	3
3391	1
3392	4
3393	2
3394	1
3395	2
3396	4
3397	1
3398	4
3399	3
3400	3
3401	3
3402	4
3403	2
3404	3
3405	5
3406	4
3407	3
3408	4
3409	1
3410	3
3411	4
3412	5
3413	1
3414	2
3415	1
3416	3
3417	4
3418	4
3419	4
3420	1
3421	3
3422	5
3423	1
3424	3
3425	1
3426	1
3427	3
3428	3
3429	5
3430	4
3431	2
3432	1
3433	3
3434	3
3435	5
3436	4
3437	3
3438	5
3439	1
3440	3
3441	2
3442	5
3443	3
3444	1
3445	2
3446	4
3447	5
3448	4
3449	2
3450	4
3451	2
3452	3
3453	2
3454	4
3455	4
3456	3
3457	4
3458	5
3459	3
3460	2
3461	4
3462	5
3463	5
3464	5
3465	2
3466	1
3467	3
3468	4
3469	2
3470	4
3471	4
3472	4
3473	4
3474	2
3475	4
3476	2
3477	5
3478	3
3479	3
3480	2
3481	2
3482	5
3483	2
3484	2
3485	1
3486	2
3487	1
3488	4
3489	2
3490	5
3491	4
3492	2
3493	4
3494	1
3495	4
3496	4
3497	5
3498	2
3499	1
3500	1
3501	3
3502	2
3503	2
3504	1
3505	3
3506	1
3507	3
3508	1
3509	2
3510	3
3511	5
3512	1
3513	2
3514	4
3515	2
3516	2
3517	4
3518	2
3519	1
3520	5
3521	1
3522	1
3523	3
3524	5
3525	1
3526	3
3527	4
3528	5
3529	1
3530	3
3531	5
3532	2
3533	3
3534	2
3535	2
3536	2
3537	4
3538	3
3539	4
3540	3
3541	2
3542	2
3543	5
3544	1
3545	3
3546	5
3547	5
3548	1
3549	1
3550	3
3551	1
3552	5
3553	5
3554	3
3555	4
3556	2
3557	4
3558	2
3559	5
3560	3
3561	5
3562	5
3563	5
3564	3
3565	4
3566	1
3567	1
3568	3
3569	3
3570	5
3571	5
3572	2
3573	3
3574	5
3575	3
3576	3
3577	1
3578	1
3579	4
3580	5
3581	5
3582	4
3583	2
3584	3
3585	3
3586	4
3587	3
3588	2
3589	1
3590	1
3591	3
3592	1
3593	5
3594	2
3595	3
3596	1
3597	3
3598	4
3599	3
3600	2
3601	5
3602	5
3603	2
3604	2
3605	2
3606	5
3607	1
3608	4
3609	1
3610	1
3611	5
3612	1
3613	5
3614	2
3615	1
3616	5
3617	5
3618	3
3619	3
3620	1
3621	2
3622	3
3623	5
3624	3
3625	5
3626	5
3627	5
3628	3
3629	4
3630	1
3631	2
3632	2
3633	4
3634	2
3635	1
3636	5
3637	4
3638	2
3639	5
3640	3
3641	3
3642	2
3643	1
3644	1
3645	5
3646	2
3647	2
3648	4
3649	5
3650	3
3651	4
3652	5
3653	4
3654	5
3655	1
3656	4
3657	4
3658	1
3659	1
3660	1
3661	1
3662	5
3663	5
3664	2
3665	1
3666	2
3667	1
3668	1
3669	4
3670	3
3671	3
3672	2
3673	4
3674	5
3675	1
3676	2
3677	2
3678	3
3679	1
3680	3
3681	1
3682	5
3683	3
3684	4
3685	1
3686	1
3687	4
3688	5
3689	2
3690	3
3691	2
3692	1
3693	1
3694	5
3695	3
3696	2
3697	4
3698	2
3699	3
3700	4
3701	4
3702	5
3703	4
3704	1
3705	3
3706	2
3707	5
3708	4
3709	4
3710	1
3711	4
3712	2
3713	3
3714	1
3715	5
3716	5
3717	5
3718	3
3719	3
3720	1
3721	1
3722	3
3723	3
3724	1
3725	3
3726	1
3727	4
3728	3
3729	5
3730	3
3731	5
3732	3
3733	3
3734	3
3735	5
3736	1
3737	2
3738	1
3739	4
3740	4
3741	1
3742	4
3743	1
3744	4
3745	1
3746	2
3747	2
3748	5
3749	2
3750	5
3751	3
3752	3
3753	4
3754	1
3755	3
3756	2
3757	1
3758	2
3759	4
3760	4
3761	2
3762	2
3763	3
3764	2
3765	4
3766	3
3767	1
3768	5
3769	1
3770	2
3771	4
3772	4
3773	1
3774	3
3775	2
3776	2
3777	3
3778	5
3779	5
3780	5
3781	5
3782	2
3783	5
3784	2
3785	1
3786	2
3787	3
3788	3
3789	4
3790	5
3791	4
3792	2
3793	1
3794	1
3795	2
3796	3
3797	3
3798	3
3799	1
3800	4
3801	3
3802	5
3803	3
3804	2
3805	4
3806	2
3807	5
3808	2
3809	4
3810	3
3811	4
3812	3
3813	2
3814	3
3815	2
3816	2
3817	4
3818	4
3819	3
3820	1
3821	2
3822	1
3823	5
3824	5
3825	4
3826	3
3827	2
3828	1
3829	1
3830	1
3831	5
3832	4
3833	5
3834	5
3835	4
3836	1
3837	1
3838	5
3839	4
3840	5
3841	5
3842	3
3843	4
3844	5
3845	2
3846	1
3847	3
3848	2
3849	1
3850	1
3851	3
3852	2
3853	1
3854	5
3855	1
3856	3
3857	2
3858	2
3859	4
3860	3
3861	4
3862	2
3863	2
3864	1
3865	3
3866	3
3867	3
3868	3
3869	4
3870	2
3871	2
3872	1
3873	5
3874	1
3875	2
3876	1
3877	1
3878	5
3879	3
3880	5
3881	4
3882	4
3883	1
3884	3
3885	5
3886	1
3887	1
3888	1
3889	2
3890	1
3891	4
3892	1
3893	2
3894	5
3895	2
3896	2
3897	1
3898	2
3899	5
3900	4
3901	4
3902	1
3903	5
3904	4
3905	5
3906	2
3907	4
3908	3
3909	2
3910	5
3911	5
3912	3
3913	4
3914	1
3915	2
3916	3
3917	3
3918	1
3919	4
3920	4
3921	3
3922	3
3923	4
3924	1
3925	5
3926	5
3927	5
3928	2
3929	1
3930	1
3931	4
3932	5
3933	4
3934	2
3935	1
3936	5
3937	3
3938	4
3939	5
3940	4
3941	1
3942	2
3943	5
3944	3
3945	3
3946	3
3947	5
3948	3
3949	1
3950	4
3951	3
3952	1
3953	2
3954	2
3955	2
3956	5
3957	3
3958	3
3959	3
3960	2
3961	5
3962	3
3963	3
3964	1
3965	2
3966	2
3967	5
3968	2
3969	2
3970	4
3971	3
3972	1
3973	4
3974	2
3975	2
3976	2
3977	5
3978	3
3979	2
3980	2
3981	5
3982	3
3983	5
3984	5
3985	4
3986	3
3987	3
3988	3
3989	3
3990	5
3991	3
3992	2
3993	3
3994	1
3995	1
3996	3
3997	2
3998	4
3999	1
4000	2
4001	5
4002	5
4003	1
4004	1
4005	5
4006	5
4007	5
4008	4
4009	4
4010	5
4011	4
4012	3
4013	3
4014	4
4015	1
4016	5
4017	3
4018	4
4019	5
4020	4
4021	1
4022	2
4023	3
4024	4
4025	3
4026	1
4027	3
4028	1
4029	5
4030	4
4031	3
4032	4
4033	3
4034	2
4035	2
4036	1
4037	2
4038	5
4039	1
4040	5
4041	1
4042	3
4043	2
4044	4
4045	3
4046	5
4047	3
4048	4
4049	3
4050	4
4051	1
4052	3
4053	1
4054	5
4055	2
4056	5
4057	5
4058	2
4059	5
4060	1
4061	5
4062	2
4063	2
4064	5
4065	3
4066	2
4067	5
4068	5
4069	1
4070	5
4071	1
4072	3
4073	1
4074	1
4075	3
4076	5
4077	1
4078	5
4079	3
4080	2
4081	5
4082	5
4083	4
4084	5
4085	3
4086	5
4087	3
4088	5
4089	5
4090	5
4091	4
4092	5
4093	1
4094	5
4095	5
4096	4
4097	4
4098	5
4099	3
4100	5
4101	5
4102	3
4103	2
4104	4
4105	3
4106	1
4107	3
4108	3
4109	5
4110	1
4111	3
4112	1
4113	5
4114	3
4115	2
4116	2
4117	1
4118	3
4119	1
4120	4
4121	1
4122	1
4123	5
4124	5
4125	1
4126	4
4127	2
4128	5
4129	5
4130	2
4131	3
4132	4
4133	4
4134	5
4135	3
4136	5
4137	4
4138	2
4139	1
4140	1
4141	4
4142	3
4143	2
4144	5
4145	4
4146	1
4147	4
4148	4
4149	4
4150	3
4151	1
4152	4
4153	1
4154	2
4155	1
4156	1
4157	4
4158	1
4159	3
4160	5
4161	1
4162	3
4163	1
4164	1
4165	5
4166	5
4167	2
4168	3
4169	1
4170	2
4171	5
4172	3
4173	3
4174	5
4175	5
4176	1
4177	1
4178	5
4179	3
4180	1
4181	2
4182	2
4183	4
4184	2
4185	1
4186	5
4187	5
4188	5
4189	4
4190	3
4191	2
4192	5
4193	5
4194	2
4195	3
4196	1
4197	1
4198	5
4199	1
4200	3
4201	5
4202	4
4203	4
4204	4
4205	5
4206	3
4207	1
4208	2
4209	5
4210	3
4211	1
4212	1
4213	1
4214	5
4215	2
4216	4
4217	1
4218	4
4219	2
4220	4
4221	2
4222	2
4223	5
4224	2
4225	1
4226	3
4227	2
4228	5
4229	3
4230	3
4231	1
4232	5
4233	3
4234	1
4235	1
4236	5
4237	1
4238	1
4239	4
4240	3
4241	5
4242	1
4243	5
4244	2
4245	3
4246	5
4247	5
4248	4
4249	4
4250	4
4251	5
4252	2
4253	1
4254	3
4255	2
4256	2
4257	3
4258	4
4259	5
4260	5
4261	5
4262	5
4263	1
4264	4
4265	4
4266	1
4267	4
4268	2
4269	2
4270	1
4271	2
4272	2
4273	5
4274	2
4275	3
4276	4
4277	3
4278	2
4279	3
4280	4
4281	5
4282	5
4283	5
4284	4
4285	1
4286	4
4287	3
4288	3
4289	4
4290	5
4291	1
4292	2
4293	3
4294	4
4295	2
4296	3
4297	2
4298	5
4299	2
4300	4
4301	2
4302	2
4303	2
4304	3
4305	2
4306	2
4307	5
4308	1
4309	5
4310	5
4311	3
4312	4
4313	4
4314	1
4315	5
4316	5
4317	3
4318	1
4319	1
4320	2
4321	3
4322	4
4323	1
4324	2
4325	3
4326	2
4327	2
4328	3
4329	5
4330	5
4331	5
4332	5
4333	3
4334	5
4335	1
4336	4
4337	4
4338	1
4339	4
4340	5
4341	1
4342	5
4343	4
4344	2
4345	3
4346	1
4347	2
4348	2
4349	5
4350	1
4351	4
4352	2
4353	1
4354	5
4355	4
4356	4
4357	1
4358	4
4359	3
4360	1
4361	3
4362	5
4363	1
4364	5
4365	5
4366	1
4367	2
4368	4
4369	2
4370	5
4371	1
4372	5
4373	3
4374	5
4375	5
4376	2
4377	2
4378	4
4379	5
4380	2
4381	4
4382	4
4383	3
4384	4
4385	3
4386	4
4387	1
4388	1
4389	3
4390	3
4391	2
4392	2
4393	4
4394	4
4395	5
4396	1
4397	5
4398	1
4399	3
4400	1
4401	4
4402	1
4403	5
4404	4
4405	5
4406	5
4407	1
4408	2
4409	2
4410	1
4411	5
4412	5
4413	3
4414	3
4415	3
4416	2
4417	3
4418	1
4419	3
4420	2
4421	3
4422	2
4423	5
4424	1
4425	1
4426	5
4427	4
4428	1
4429	2
4430	3
4431	1
4432	3
4433	3
4434	2
4435	3
4436	5
4437	5
4438	4
4439	1
4440	4
4441	1
4442	3
4443	1
4444	5
4445	3
4446	5
4447	4
4448	2
4449	4
4450	4
4451	5
4452	5
4453	3
4454	2
4455	5
4456	5
4457	4
4458	5
4459	4
4460	5
4461	1
4462	3
4463	3
4464	3
4465	4
4466	3
4467	1
4468	4
4469	5
4470	4
4471	3
4472	2
4473	3
4474	2
4475	5
4476	2
4477	3
4478	5
4479	1
4480	4
4481	4
4482	5
4483	5
4484	5
4485	5
4486	1
4487	2
4488	4
4489	1
4490	1
4491	5
4492	2
4493	4
4494	3
4495	2
4496	2
4497	5
4498	5
4499	1
4500	1
4501	4
4502	3
4503	3
4504	1
4505	4
4506	1
4507	4
4508	5
4509	5
4510	2
4511	2
4512	3
4513	5
4514	5
4515	1
4516	3
4517	1
4518	3
4519	5
4520	3
4521	2
4522	1
4523	5
4524	5
4525	2
4526	5
4527	3
4528	5
4529	5
4530	5
4531	2
4532	3
4533	4
4534	1
4535	1
4536	2
4537	1
4538	4
4539	1
4540	4
4541	5
4542	3
4543	3
4544	1
4545	4
4546	4
4547	3
4548	3
4549	1
4550	4
4551	4
4552	1
4553	4
4554	1
4555	4
4556	2
4557	4
4558	4
4559	5
4560	5
4561	4
4562	3
4563	4
4564	3
4565	3
4566	1
4567	2
4568	1
4569	1
4570	1
4571	5
4572	4
4573	1
4574	1
4575	2
4576	4
4577	2
4578	2
4579	1
4580	4
4581	3
4582	4
4583	1
4584	3
4585	5
4586	2
4587	3
4588	2
4589	2
4590	5
4591	1
4592	4
4593	2
4594	4
4595	4
4596	5
4597	2
4598	3
4599	1
4600	3
4601	4
4602	4
4603	3
4604	3
4605	3
4606	3
4607	4
4608	1
4609	4
4610	5
4611	2
4612	4
4613	3
4614	1
4615	4
4616	5
4617	2
4618	1
4619	1
4620	5
4621	2
4622	3
4623	1
4624	3
4625	5
4626	5
4627	3
4628	3
4629	2
4630	1
4631	3
4632	2
4633	5
4634	3
4635	2
4636	2
4637	1
4638	3
4639	3
4640	2
4641	4
4642	4
4643	4
4644	2
4645	3
4646	2
4647	4
4648	5
4649	4
4650	2
4651	3
4652	3
4653	4
4654	4
4655	3
4656	4
4657	2
4658	1
4659	1
4660	1
4661	2
4662	5
4663	3
4664	1
4665	2
4666	1
4667	5
4668	3
4669	1
4670	5
4671	5
4672	2
4673	5
4674	5
4675	4
4676	3
4677	4
4678	2
4679	3
4680	2
4681	3
4682	4
4683	2
4684	1
4685	4
4686	2
4687	3
4688	4
4689	4
4690	5
4691	1
4692	3
4693	3
4694	4
4695	1
4696	3
4697	4
4698	1
4699	4
4700	2
4701	5
4702	4
4703	3
4704	2
4705	1
4706	1
4707	2
4708	2
4709	1
4710	3
4711	5
4712	3
4713	3
4714	2
4715	3
4716	2
4717	1
4718	3
4719	4
4720	4
4721	3
4722	2
4723	1
4724	3
4725	2
4726	2
4727	3
4728	2
4729	4
4730	4
4731	2
4732	2
4733	2
4734	3
4735	3
4736	5
4737	4
4738	4
4739	3
4740	2
4741	5
4742	4
4743	4
4744	2
4745	5
4746	4
4747	4
4748	4
4749	3
4750	1
4751	3
4752	4
4753	4
4754	3
4755	1
4756	4
4757	5
4758	5
4759	1
4760	5
4761	4
4762	2
4763	3
4764	4
4765	2
4766	4
4767	5
4768	5
4769	5
4770	2
4771	1
4772	2
4773	1
4774	3
4775	1
4776	5
4777	3
4778	1
4779	3
4780	1
4781	4
4782	2
4783	2
4784	2
4785	2
4786	4
4787	2
4788	3
4789	5
4790	3
4791	3
4792	3
4793	5
4794	5
4795	3
4796	4
4797	4
4798	2
4799	4
4800	1
4801	2
4802	2
4803	3
4804	2
4805	3
4806	4
4807	2
4808	1
4809	1
4810	2
4811	5
4812	5
4813	2
4814	3
4815	3
4816	5
4817	4
4818	3
4819	5
4820	3
4821	1
4822	3
4823	3
4824	5
4825	1
4826	5
4827	5
4828	4
4829	4
4830	1
4831	2
4832	5
4833	2
4834	5
4835	3
4836	1
4837	4
4838	4
4839	3
4840	4
4841	5
4842	3
4843	2
4844	5
4845	3
4846	5
4847	4
4848	3
4849	5
4850	1
4851	1
4852	4
4853	1
4854	4
4855	3
4856	3
4857	3
4858	3
4859	4
4860	1
4861	3
4862	1
4863	1
4864	2
4865	1
4866	5
4867	4
4868	3
4869	1
4870	3
4871	4
4872	2
4873	1
4874	3
4875	2
4876	1
4877	1
4878	1
4879	3
4880	3
4881	5
4882	2
4883	1
4884	3
4885	4
4886	2
4887	3
4888	5
4889	1
4890	1
4891	5
4892	2
4893	2
4894	2
4895	1
4896	2
4897	5
4898	4
4899	2
4900	5
4901	3
4902	2
4903	4
4904	3
4905	1
4906	2
4907	3
4908	3
4909	2
4910	3
4911	3
4912	5
4913	3
4914	3
4915	2
4916	4
4917	2
4918	4
4919	5
4920	2
4921	2
4922	1
4923	1
4924	5
4925	4
4926	3
4927	2
4928	4
4929	5
4930	5
4931	3
4932	4
4933	3
4934	1
4935	3
4936	5
4937	2
4938	3
4939	2
4940	1
4941	3
4942	2
4943	4
4944	2
4945	5
4946	3
4947	3
4948	1
4949	3
4950	2
4951	2
4952	4
4953	1
4954	3
4955	5
4956	2
4957	2
4958	5
4959	2
4960	2
4961	5
4962	4
4963	3
4964	3
4965	3
4966	2
4967	5
4968	5
4969	3
4970	1
4971	3
4972	2
4973	3
4974	1
4975	4
4976	4
4977	5
4978	5
4979	4
4980	5
4981	5
4982	4
4983	2
4984	3
4985	1
4986	1
4987	3
4988	5
4989	2
4990	5
4991	3
4992	3
4993	5
4994	4
4995	5
4996	2
4997	3
4998	4
4999	5
5000	3
5001	1
5002	4
5003	4
5004	4
5005	5
5006	2
5007	1
5008	4
5009	5
5010	1
5011	3
5012	3
5013	2
5014	5
5015	3
5016	1
5017	1
5018	3
5019	2
5020	3
5021	4
5022	5
5023	3
5024	4
5025	2
5026	1
5027	5
5028	2
5029	2
5030	4
5031	5
5032	1
5033	4
5034	1
5035	3
5036	5
5037	4
5038	1
5039	2
5040	4
5041	5
5042	2
5043	3
5044	4
5045	1
5046	3
5047	4
5048	5
5049	3
5050	4
5051	3
5052	5
5053	4
5054	3
5055	1
5056	4
5057	2
5058	2
5059	3
5060	4
5061	2
5062	4
5063	5
5064	3
5065	2
5066	4
5067	3
5068	4
5069	1
5070	2
5071	5
5072	1
5073	2
5074	2
5075	2
5076	1
5077	1
5078	4
5079	4
5080	5
5081	5
5082	1
5083	4
5084	1
5085	5
5086	1
5087	4
5088	4
5089	4
5090	3
5091	1
5092	4
5093	5
5094	4
5095	2
5096	3
5097	1
5098	2
5099	3
5100	5
5101	1
5102	4
5103	4
5104	1
5105	5
5106	1
5107	1
5108	4
5109	1
5110	1
5111	1
5112	3
5113	5
5114	1
5115	1
5116	4
5117	2
5118	2
5119	1
5120	5
5121	3
5122	3
5123	1
5124	5
5125	4
5126	1
5127	2
5128	4
5129	3
5130	2
5131	1
5132	4
5133	5
5134	1
5135	1
5136	1
5137	2
5138	2
5139	5
5140	3
5141	3
5142	3
5143	3
5144	1
5145	1
5146	2
5147	3
5148	3
5149	3
5150	5
5151	3
5152	2
5153	2
5154	1
5155	5
5156	5
5157	3
5158	4
5159	2
5160	1
5161	2
5162	3
5163	4
5164	1
5165	2
5166	3
5167	4
5168	2
5169	1
5170	2
5171	1
5172	3
5173	1
5174	4
5175	2
5176	4
5177	3
5178	3
5179	2
5180	1
5181	2
5182	4
5183	2
5184	1
5185	4
5186	1
5187	2
5188	3
5189	1
5190	3
5191	3
5192	4
5193	1
5194	2
5195	4
5196	3
5197	1
5198	2
5199	4
5200	3
5201	2
5202	2
5203	5
5204	4
5205	3
5206	1
5207	2
5208	4
5209	3
5210	3
5211	4
5212	2
5213	2
5214	3
5215	5
5216	4
5217	1
5218	4
5219	4
5220	2
5221	2
5222	2
5223	1
5224	1
5225	1
5226	5
5227	1
5228	5
5229	1
5230	3
5231	2
5232	3
5233	3
5234	1
5235	1
5236	4
5237	2
5238	2
5239	4
5240	3
5241	3
5242	4
5243	4
5244	5
5245	5
5246	4
5247	5
5248	3
5249	3
5250	2
5251	5
5252	3
5253	2
5254	2
5255	4
5256	4
5257	3
5258	2
5259	5
5260	4
5261	2
5262	2
5263	3
5264	1
5265	3
5266	5
5267	3
5268	3
5269	5
5270	3
5271	2
5272	4
5273	5
5274	3
5275	4
5276	3
5277	1
5278	3
5279	3
5280	3
5281	3
5282	2
5283	2
5284	2
5285	2
5286	1
5287	2
5288	1
5289	4
5290	4
5291	2
5292	2
5293	2
5294	3
5295	5
5296	5
5297	3
5298	4
5299	1
5300	5
5301	5
5302	1
5303	3
5304	5
5305	1
5306	2
5307	2
5308	5
5309	4
5310	2
5311	3
5312	4
5313	2
5314	2
5315	5
5316	3
5317	2
5318	1
5319	3
5320	4
5321	3
5322	4
5323	5
5324	1
5325	1
5326	5
5327	4
5328	4
5329	5
5330	4
5331	2
5332	1
5333	5
5334	1
5335	3
5336	4
5337	4
5338	2
5339	4
5340	3
5341	1
5342	1
5343	4
5344	1
5345	4
5346	1
5347	3
5348	4
5349	4
5350	5
5351	3
5352	5
5353	1
5354	5
5355	5
5356	1
5357	4
5358	5
5359	1
5360	1
5361	4
5362	1
5363	2
5364	5
5365	1
5366	3
5367	5
5368	3
5369	3
5370	4
5371	2
5372	1
5373	3
5374	5
5375	5
5376	2
5377	2
5378	3
5379	4
5380	3
5381	4
5382	3
5383	5
5384	2
5385	2
5386	5
5387	2
5388	1
5389	5
5390	4
5391	4
5392	3
5393	2
5394	4
5395	4
5396	5
5397	2
5398	1
5399	4
5400	1
5401	4
5402	4
5403	2
5404	3
5405	4
5406	5
5407	1
5408	3
5409	1
5410	2
5411	4
5412	3
5413	1
5414	5
5415	1
5416	2
5417	1
5418	2
5419	2
5420	4
5421	1
5422	2
5423	1
5424	4
5425	3
5426	2
5427	4
5428	5
5429	2
5430	2
5431	1
5432	5
5433	1
5434	3
5435	2
5436	2
5437	1
5438	3
5439	3
5440	1
5441	5
5442	4
5443	1
5444	1
5445	3
5446	2
5447	3
5448	1
5449	5
5450	4
5451	5
5452	4
5453	5
5454	2
5455	5
5456	2
5457	4
5458	2
5459	1
5460	1
5461	1
5462	3
5463	2
5464	2
5465	1
5466	4
5467	4
5468	2
5469	2
5470	4
5471	1
5472	5
5473	2
5474	2
5475	5
5476	3
5477	2
5478	3
5479	2
5480	3
5481	3
5482	4
5483	3
5484	3
5485	2
5486	2
5487	5
5488	5
5489	2
5490	5
5491	1
5492	1
5493	5
5494	2
5495	3
5496	5
5497	1
5498	2
5499	3
5500	1
5501	3
5502	3
5503	2
5504	3
5505	4
5506	2
5507	1
5508	4
5509	4
5510	2
5511	4
5512	4
5513	3
5514	2
5515	3
5516	2
5517	1
5518	3
5519	2
5520	4
5521	3
5522	3
5523	1
5524	3
5525	3
5526	3
5527	4
5528	2
5529	2
5530	1
5531	3
5532	3
5533	1
5534	2
5535	1
5536	5
5537	2
5538	3
5539	2
5540	5
5541	1
5542	5
5543	2
5544	2
5545	2
5546	1
5547	5
5548	1
5549	4
5550	4
5551	1
5552	4
5553	1
5554	1
5555	5
5556	4
5557	1
5558	3
5559	2
5560	4
5561	5
5562	5
5563	3
5564	3
5565	4
5566	5
5567	4
5568	5
5569	1
5570	5
5571	3
5572	4
5573	1
5574	5
5575	5
5576	1
5577	1
5578	4
5579	3
5580	1
5581	5
5582	3
5583	5
5584	1
5585	2
5586	5
5587	4
5588	4
5589	1
5590	5
5591	4
5592	4
5593	1
5594	5
5595	5
5596	1
5597	5
5598	4
5599	2
5600	4
5601	4
5602	5
5603	1
5604	1
5605	4
5606	4
5607	1
5608	4
5609	3
5610	4
5611	2
5612	1
5613	5
5614	1
5615	3
5616	2
5617	4
5618	4
5619	3
5620	4
5621	2
5622	1
5623	4
5624	2
5625	1
5626	5
5627	1
5628	2
5629	1
5630	5
5631	1
5632	4
5633	1
5634	4
5635	5
5636	4
5637	2
5638	2
5639	4
5640	4
5641	3
5642	5
5643	1
5644	1
5645	2
5646	5
5647	1
5648	2
5649	2
5650	5
5651	1
5652	3
5653	2
5654	5
5655	5
5656	5
5657	2
5658	2
5659	4
5660	1
5661	3
5662	1
5663	3
5664	5
5665	4
5666	3
5667	4
5668	1
5669	1
5670	3
5671	4
5672	4
5673	4
5674	4
5675	3
5676	2
5677	5
5678	4
5679	5
5680	5
5681	1
5682	2
5683	1
5684	1
5685	4
5686	2
5687	4
5688	1
5689	4
5690	2
5691	3
5692	4
5693	2
5694	2
5695	5
5696	5
5697	4
5698	2
5699	1
5700	1
5701	2
5702	3
5703	2
5704	1
5705	5
5706	1
5707	5
5708	5
5709	5
5710	1
5711	1
5712	2
5713	4
5714	5
5715	1
5716	5
5717	5
5718	1
5719	3
5720	1
5721	5
5722	2
5723	5
5724	4
5725	2
5726	3
5727	1
5728	1
5729	1
5730	1
5731	5
5732	1
5733	4
5734	2
5735	2
5736	3
5737	1
5738	1
5739	3
5740	5
5741	2
5742	5
5743	3
5744	4
5745	1
5746	1
5747	3
5748	2
5749	3
5750	4
5751	2
5752	2
5753	1
5754	1
5755	5
5756	1
5757	4
5758	4
5759	2
5760	4
5761	2
5762	2
5763	4
5764	5
5765	2
5766	5
5767	3
5768	2
5769	1
5770	2
5771	4
5772	1
5773	5
5774	3
5775	4
5776	4
5777	5
5778	5
5779	4
5780	1
5781	5
5782	4
5783	5
5784	1
5785	4
5786	2
5787	3
5788	3
5789	1
5790	1
5791	3
5792	1
5793	1
5794	5
5795	2
5796	5
5797	1
5798	3
5799	4
5800	1
5801	4
5802	3
5803	1
5804	4
5805	5
5806	2
5807	5
5808	2
5809	3
5810	4
5811	3
5812	1
5813	4
5814	4
5815	3
5816	4
5817	2
5818	3
5819	5
5820	5
5821	2
5822	3
5823	3
5824	3
5825	4
5826	3
5827	3
5828	5
5829	1
5830	1
5831	4
5832	5
5833	2
5834	3
5835	2
5836	2
5837	3
5838	5
5839	3
5840	3
5841	4
5842	4
5843	3
5844	4
5845	1
5846	2
5847	3
5848	4
5849	5
5850	1
5851	4
5852	3
5853	5
5854	3
5855	5
5856	5
5857	2
5858	3
5859	2
5860	3
5861	5
5862	1
5863	5
5864	5
5865	1
5866	5
5867	5
5868	5
5869	2
5870	1
5871	2
5872	4
5873	5
5874	5
5875	2
5876	5
5877	4
5878	2
5879	3
5880	5
5881	1
5882	4
5883	2
5884	2
5885	5
5886	3
5887	4
5888	1
5889	4
5890	1
5891	1
5892	3
5893	1
5894	4
5895	1
5896	4
5897	3
5898	2
5899	2
5900	5
5901	4
5902	5
5903	5
5904	5
5905	5
5906	4
5907	2
5908	5
5909	2
5910	4
5911	5
5912	3
5913	2
5914	2
5915	2
5916	2
5917	3
5918	1
5919	4
5920	1
5921	3
5922	4
5923	2
5924	2
5925	4
5926	3
5927	5
5928	3
5929	2
5930	4
5931	4
5932	4
5933	4
5934	4
5935	4
5936	4
5937	4
5938	5
5939	3
5940	1
5941	3
5942	3
5943	1
5944	2
5945	4
5946	1
5947	5
5948	5
5949	1
5950	4
5951	3
5952	5
5953	1
5954	4
5955	3
5956	3
5957	2
5958	5
5959	1
5960	2
5961	3
5962	5
5963	1
5964	1
5965	1
5966	2
5967	4
5968	4
5969	1
5970	1
5971	5
5972	4
5973	3
5974	2
5975	4
5976	3
5977	4
5978	3
5979	1
5980	1
5981	4
5982	3
5983	3
5984	1
5985	3
5986	3
5987	2
5988	5
5989	5
5990	5
5991	4
5992	2
5993	3
5994	4
5995	1
5996	1
5997	1
5998	2
5999	4
6000	1
6001	1
6002	5
6003	1
6004	2
6005	2
6006	1
6007	1
6008	5
6009	3
6010	4
6011	5
6012	3
6013	1
6014	2
6015	2
6016	5
6017	2
6018	2
6019	3
6020	2
6021	1
6022	2
6023	2
6024	4
6025	3
6026	3
6027	2
6028	4
6029	2
6030	5
6031	3
6032	3
6033	4
6034	4
6035	2
6036	1
6037	5
6038	4
6039	2
6040	2
6041	2
6042	4
6043	1
6044	2
6045	4
6046	1
6047	1
6048	4
6049	2
6050	4
6051	3
6052	4
6053	4
6054	2
6055	5
6056	3
6057	1
6058	5
6059	5
6060	4
6061	2
6062	3
6063	1
6064	2
6065	5
6066	5
6067	1
6068	5
6069	2
6070	4
6071	3
6072	3
6073	5
6074	1
6075	5
6076	4
6077	3
6078	2
6079	1
6080	4
6081	2
6082	3
6083	3
6084	4
6085	5
6086	3
6087	4
6088	3
6089	5
6090	1
6091	5
6092	1
6093	1
6094	5
6095	5
6096	4
6097	3
6098	1
6099	4
6100	3
6101	3
6102	5
6103	1
6104	4
6105	1
6106	5
6107	1
6108	2
6109	2
6110	1
6111	2
6112	3
6113	2
6114	1
6115	1
6116	5
6117	2
6118	4
6119	5
6120	3
6121	3
6122	1
6123	3
6124	4
6125	4
6126	2
6127	3
6128	3
6129	3
6130	4
6131	5
6132	4
6133	1
6134	2
6135	2
6136	2
6137	3
6138	5
6139	2
6140	3
6141	2
6142	5
6143	1
6144	3
6145	4
6146	5
6147	2
6148	2
6149	2
6150	5
6151	3
6152	5
6153	1
6154	3
6155	1
6156	2
6157	3
6158	3
6159	5
6160	3
6161	4
6162	4
6163	5
6164	5
6165	5
6166	2
6167	5
6168	1
6169	2
6170	1
6171	5
6172	1
6173	4
6174	4
6175	2
6176	3
6177	3
6178	3
6179	1
6180	4
6181	4
6182	5
6183	5
6184	3
6185	5
6186	1
6187	2
6188	1
6189	2
6190	5
6191	4
6192	5
6193	5
6194	1
6195	1
6196	1
6197	4
6198	5
6199	3
6200	2
6201	5
6202	2
6203	5
6204	3
6205	3
6206	5
6207	3
6208	5
6209	5
6210	1
6211	4
6212	4
6213	4
6214	1
6215	5
6216	4
6217	5
6218	1
6219	3
6220	3
6221	3
6222	5
6223	4
6224	5
6225	1
6226	1
6227	2
6228	2
6229	2
6230	4
6231	3
6232	2
6233	5
6234	2
6235	4
6236	4
6237	2
6238	4
6239	5
6240	4
6241	3
6242	4
6243	5
6244	5
6245	3
6246	1
6247	1
6248	1
6249	2
6250	3
6251	4
6252	5
6253	4
6254	5
6255	4
6256	1
6257	1
6258	1
6259	4
6260	5
6261	3
6262	5
6263	1
6264	1
6265	2
6266	2
6267	2
6268	2
6269	5
6270	3
6271	1
6272	4
6273	4
6274	5
6275	4
6276	2
6277	4
6278	1
6279	2
6280	2
6281	1
6282	3
6283	3
6284	1
6285	4
6286	2
6287	3
6288	3
6289	4
6290	4
6291	1
6292	4
6293	3
6294	1
6295	1
6296	3
6297	4
6298	4
6299	2
6300	3
6301	4
6302	2
6303	5
6304	1
6305	4
6306	3
6307	4
6308	3
6309	5
6310	1
6311	5
6312	4
6313	5
6314	1
6315	4
6316	3
6317	2
6318	3
6319	1
6320	1
6321	3
6322	5
6323	1
6324	5
6325	4
6326	5
6327	5
6328	3
6329	5
6330	2
6331	3
6332	3
6333	3
6334	2
6335	4
6336	2
6337	3
6338	4
6339	1
6340	3
6341	2
6342	4
6343	1
6344	4
6345	2
6346	2
6347	3
6348	4
6349	2
6350	1
6351	5
6352	1
6353	3
6354	2
6355	3
6356	2
6357	3
6358	1
6359	2
6360	1
6361	3
6362	4
6363	1
6364	2
6365	2
6366	5
6367	2
6368	5
6369	1
6370	1
6371	1
6372	1
6373	4
6374	4
6375	2
6376	3
6377	2
6378	5
6379	5
6380	2
6381	4
6382	3
6383	3
6384	5
6385	1
6386	4
6387	2
6388	1
6389	2
6390	4
6391	4
6392	4
6393	1
6394	3
6395	5
6396	3
6397	1
6398	2
6399	4
6400	5
6401	2
6402	5
6403	1
6404	5
6405	4
6406	4
6407	3
6408	1
6409	5
6410	4
6411	1
6412	5
6413	2
6414	1
6415	4
6416	3
6417	2
6418	3
6419	4
6420	2
6421	2
6422	1
6423	2
6424	3
6425	2
6426	2
6427	2
6428	5
6429	3
6430	4
6431	2
6432	5
6433	5
6434	3
6435	5
6436	5
6437	1
6438	1
6439	2
6440	2
6441	4
6442	1
6443	5
6444	1
6445	3
6446	4
6447	4
6448	4
6449	2
6450	5
6451	2
6452	1
6453	3
6454	3
6455	2
6456	5
6457	3
6458	5
6459	1
6460	2
6461	3
6462	3
6463	5
6464	1
6465	4
6466	5
6467	3
6468	1
6469	1
6470	4
6471	1
6472	4
6473	2
6474	3
6475	3
6476	2
6477	4
6478	4
6479	1
6480	1
6481	3
6482	5
6483	1
6484	1
6485	4
6486	4
6487	2
6488	5
6489	3
6490	3
6491	3
6492	1
6493	4
6494	5
6495	2
6496	5
6497	5
6498	1
6499	4
6500	1
6501	4
6502	3
6503	5
6504	5
6505	2
6506	4
6507	4
6508	1
6509	3
6510	2
6511	3
6512	3
6513	1
6514	5
6515	4
6516	3
6517	5
6518	1
6519	2
6520	3
6521	3
6522	4
6523	3
6524	5
6525	5
6526	4
6527	3
6528	5
6529	2
6530	5
6531	4
6532	5
6533	1
6534	3
6535	5
6536	5
6537	1
6538	3
6539	5
6540	4
6541	2
6542	2
6543	1
6544	1
6545	2
6546	4
6547	3
6548	5
6549	3
6550	4
6551	3
6552	1
6553	2
6554	3
6555	1
6556	4
6557	2
6558	5
6559	1
6560	1
6561	1
6562	5
6563	3
6564	2
6565	2
6566	5
6567	4
6568	1
6569	4
6570	3
6571	4
6572	4
6573	1
6574	3
6575	3
6576	3
6577	3
6578	3
6579	4
6580	3
6581	3
6582	1
6583	3
6584	1
6585	4
6586	5
6587	5
6588	3
6589	4
6590	3
6591	5
6592	3
6593	4
6594	4
6595	1
6596	4
6597	2
6598	3
6599	1
6600	5
6601	4
6602	2
6603	4
6604	3
6605	5
6606	2
6607	2
6608	2
6609	2
6610	5
6611	5
6612	5
6613	1
6614	2
6615	2
6616	2
6617	5
6618	2
6619	4
6620	3
6621	5
6622	2
6623	5
6624	2
6625	1
6626	2
6627	3
6628	5
6629	4
6630	3
6631	4
6632	2
6633	3
6634	4
6635	2
6636	2
6637	4
6638	2
6639	3
6640	2
6641	4
6642	4
6643	3
6644	1
6645	4
6646	3
6647	5
6648	4
6649	2
6650	2
6651	1
6652	4
6653	1
6654	5
6655	1
6656	1
6657	4
6658	1
6659	5
6660	4
6661	1
6662	3
6663	3
6664	4
6665	2
6666	1
6667	3
6668	3
6669	1
6670	2
6671	1
6672	1
6673	2
6674	4
6675	4
6676	5
6677	3
6678	4
6679	2
6680	2
6681	5
6682	1
6683	3
6684	5
6685	5
6686	4
6687	1
6688	4
6689	4
6690	4
6691	4
6692	1
6693	3
6694	2
6695	5
6696	1
6697	1
6698	2
6699	4
6700	4
6701	4
6702	4
6703	2
6704	4
6705	1
6706	5
6707	3
6708	3
6709	3
6710	2
6711	1
6712	2
6713	2
6714	3
6715	2
6716	2
6717	1
6718	3
6719	4
6720	3
6721	5
6722	4
6723	1
6724	5
6725	3
6726	4
6727	4
6728	1
6729	4
6730	4
6731	1
6732	4
6733	4
6734	4
6735	5
6736	3
6737	5
6738	5
6739	1
6740	4
6741	3
6742	1
6743	1
6744	5
6745	1
6746	4
6747	5
6748	4
6749	5
6750	5
6751	1
6752	4
6753	5
6754	1
6755	5
6756	2
6757	1
6758	3
6759	4
6760	3
6761	2
6762	2
6763	3
6764	4
6765	3
6766	2
6767	5
6768	5
6769	5
6770	2
6771	1
6772	2
6773	3
6774	5
6775	2
6776	4
6777	3
6778	3
6779	5
6780	1
6781	3
6782	2
6783	1
6784	5
6785	5
6786	4
6787	4
6788	5
6789	4
6790	4
6791	4
6792	1
6793	2
6794	1
6795	2
6796	4
6797	5
6798	1
6799	1
6800	3
6801	5
6802	1
6803	3
6804	3
6805	5
6806	4
6807	2
6808	1
6809	1
6810	5
6811	5
6812	3
6813	1
6814	4
6815	2
6816	4
6817	4
6818	5
6819	3
6820	5
6821	3
6822	4
6823	3
6824	1
6825	2
6826	2
6827	3
6828	2
6829	3
6830	5
6831	2
6832	3
6833	3
6834	5
6835	5
6836	3
6837	1
6838	5
6839	5
6840	1
6841	2
6842	3
6843	3
6844	3
6845	1
6846	4
6847	3
6848	2
6849	5
6850	5
6851	3
6852	3
6853	2
6854	2
6855	1
6856	3
6857	3
6858	2
6859	3
6860	3
6861	2
6862	5
6863	1
6864	4
6865	5
6866	2
6867	5
6868	2
6869	2
6870	2
6871	2
6872	1
6873	3
6874	5
6875	3
6876	3
6877	4
6878	4
6879	1
6880	2
6881	5
6882	3
6883	2
6884	5
6885	4
6886	5
6887	4
6888	2
6889	3
6890	4
6891	3
6892	2
6893	4
6894	4
6895	2
6896	5
6897	1
6898	2
6899	2
6900	4
6901	3
6902	5
6903	4
6904	3
6905	3
6906	5
6907	2
6908	4
6909	1
6910	5
6911	1
6912	2
6913	2
6914	5
6915	2
6916	4
6917	1
6918	4
6919	2
6920	5
6921	2
6922	3
6923	3
6924	1
6925	2
6926	2
6927	5
6928	2
6929	5
6930	3
6931	4
6932	3
6933	3
6934	3
6935	3
6936	3
6937	1
6938	5
6939	5
6940	1
6941	5
6942	4
6943	5
6944	1
6945	3
6946	3
6947	1
6948	1
6949	5
6950	2
6951	3
6952	1
6953	4
6954	1
6955	2
6956	3
6957	5
6958	3
6959	4
6960	2
6961	5
6962	1
6963	2
6964	4
6965	3
6966	5
6967	5
6968	5
6969	3
6970	2
6971	3
6972	5
6973	4
6974	5
6975	5
6976	2
6977	5
6978	3
6979	4
6980	4
6981	4
6982	2
6983	4
6984	3
6985	3
6986	4
6987	4
6988	1
6989	5
6990	2
6991	1
6992	1
6993	4
6994	3
6995	5
6996	3
6997	2
6998	2
6999	3
7000	1
7001	4
7002	1
7003	1
7004	3
7005	3
7006	3
7007	4
7008	4
7009	4
7010	4
7011	2
7012	2
7013	3
7014	1
7015	5
7016	1
7017	3
7018	3
7019	5
7020	2
7021	2
7022	5
7023	5
7024	1
7025	5
7026	5
7027	5
7028	4
7029	2
7030	2
7031	2
7032	3
7033	2
7034	5
7035	3
7036	4
7037	1
7038	2
7039	2
7040	2
7041	1
7042	5
7043	1
7044	1
7045	4
7046	3
7047	5
7048	3
7049	5
7050	5
7051	3
7052	2
7053	5
7054	5
7055	2
7056	5
7057	4
7058	3
7059	5
7060	2
7061	3
7062	1
7063	5
7064	3
7065	5
7066	4
7067	3
7068	1
7069	5
7070	2
7071	2
7072	3
7073	5
7074	2
7075	2
7076	3
7077	3
7078	5
7079	4
7080	4
7081	4
7082	4
7083	4
7084	5
7085	2
7086	5
7087	5
7088	4
7089	3
7090	1
7091	3
7092	5
7093	3
7094	5
7095	2
7096	5
7097	3
7098	5
7099	2
7100	5
7101	5
7102	2
7103	1
7104	4
7105	4
7106	2
7107	2
7108	5
7109	3
7110	5
7111	5
7112	5
7113	4
7114	4
7115	1
7116	1
7117	4
7118	4
7119	5
7120	4
7121	3
7122	3
7123	5
7124	5
7125	4
7126	3
7127	3
7128	5
7129	4
7130	2
7131	5
7132	1
7133	3
7134	3
7135	3
7136	5
7137	5
7138	5
7139	1
7140	1
7141	1
7142	4
7143	4
7144	2
7145	3
7146	4
7147	4
7148	3
7149	2
7150	2
7151	5
7152	5
7153	4
7154	3
7155	2
7156	3
7157	4
7158	4
7159	4
7160	4
7161	2
7162	3
7163	2
7164	5
7165	3
7166	4
7167	2
7168	4
7169	5
7170	5
7171	5
7172	2
7173	5
7174	1
7175	1
7176	3
7177	3
7178	1
7179	1
7180	1
7181	2
7182	5
7183	2
7184	3
7185	4
7186	2
7187	2
7188	1
7189	4
7190	1
7191	3
7192	2
7193	2
7194	5
7195	1
7196	5
7197	3
7198	3
7199	1
7200	1
7201	2
7202	4
7203	3
7204	5
7205	1
7206	2
7207	3
7208	4
7209	3
7210	1
7211	5
7212	3
7213	2
7214	1
7215	3
7216	5
7217	5
7218	3
7219	3
7220	5
7221	1
7222	1
7223	4
7224	5
7225	5
7226	5
7227	3
7228	1
7229	1
7230	1
7231	4
7232	5
7233	4
7234	1
7235	3
7236	5
7237	2
7238	4
7239	3
7240	3
7241	1
7242	4
7243	2
7244	1
7245	2
7246	2
7247	4
7248	1
7249	3
7250	4
7251	3
7252	5
7253	4
7254	5
7255	3
7256	5
7257	3
7258	2
7259	4
7260	4
7261	3
7262	4
7263	1
7264	4
7265	1
7266	3
7267	5
7268	5
7269	4
7270	4
7271	3
7272	1
7273	5
7274	5
7275	1
7276	2
7277	1
7278	4
7279	1
7280	5
7281	5
7282	4
7283	3
7284	5
7285	1
7286	1
7287	5
7288	3
7289	2
7290	3
7291	5
7292	4
7293	1
7294	5
7295	2
7296	5
7297	5
7298	5
7299	4
7300	1
7301	4
7302	4
7303	4
7304	5
7305	4
7306	2
7307	1
7308	2
7309	1
7310	1
7311	3
7312	3
7313	3
7314	4
7315	2
7316	1
7317	3
7318	5
7319	4
7320	5
7321	2
7322	2
7323	4
7324	2
7325	2
7326	2
7327	2
7328	5
7329	5
7330	4
7331	4
7332	2
7333	5
7334	5
7335	2
7336	4
7337	2
7338	4
7339	2
7340	4
7341	3
7342	2
7343	4
7344	4
7345	2
7346	5
7347	1
7348	4
7349	5
7350	5
7351	3
7352	4
7353	1
7354	3
7355	5
7356	1
7357	3
7358	3
7359	2
7360	3
7361	5
7362	1
7363	3
7364	3
7365	2
7366	5
7367	2
7368	1
7369	4
7370	1
7371	1
7372	3
7373	1
7374	1
7375	3
7376	2
7377	1
7378	3
7379	3
7380	5
7381	2
7382	2
7383	3
7384	1
7385	3
7386	1
7387	4
7388	5
7389	4
7390	4
7391	3
7392	1
7393	3
7394	5
7395	2
7396	5
7397	3
7398	1
7399	1
7400	1
7401	5
7402	2
7403	5
7404	1
7405	2
7406	2
7407	1
7408	4
7409	4
7410	5
7411	4
7412	5
7413	1
7414	1
7415	3
7416	2
7417	4
7418	4
7419	4
7420	1
7421	3
7422	5
7423	3
7424	5
7425	3
7426	5
7427	4
7428	5
7429	3
7430	4
7431	3
7432	2
7433	1
7434	5
7435	4
7436	1
7437	4
7438	5
7439	4
7440	2
7441	1
7442	2
7443	4
7444	3
7445	3
7446	2
7447	4
7448	3
7449	4
7450	3
7451	2
7452	5
7453	2
7454	3
7455	1
7456	5
7457	5
7458	2
7459	3
7460	1
7461	3
7462	2
7463	2
7464	1
7465	2
7466	2
7467	2
7468	4
7469	1
7470	2
7471	2
7472	3
7473	3
7474	2
7475	1
7476	5
7477	2
7478	3
7479	4
7480	5
7481	5
7482	3
7483	4
7484	4
7485	5
7486	4
7487	3
7488	3
7489	1
7490	4
7491	1
7492	4
7493	3
7494	4
7495	5
7496	4
7497	4
7498	3
7499	1
7500	5
7501	5
7502	4
7503	1
7504	3
7505	2
7506	3
7507	5
7508	5
7509	4
7510	2
7511	5
7512	1
7513	2
7514	2
7515	4
7516	1
7517	1
7518	3
7519	2
7520	4
7521	5
7522	3
7523	1
7524	3
7525	5
7526	5
7527	1
7528	3
7529	4
7530	1
7531	4
7532	3
7533	3
7534	5
7535	3
7536	4
7537	3
7538	5
7539	5
7540	4
7541	5
7542	1
7543	2
7544	4
7545	3
7546	4
7547	1
7548	1
7549	2
7550	2
7551	2
7552	4
7553	3
7554	2
7555	5
7556	3
7557	2
7558	3
7559	4
7560	1
7561	1
7562	2
7563	5
7564	3
7565	5
7566	2
7567	5
7568	4
7569	3
7570	4
7571	2
7572	3
7573	2
7574	1
7575	2
7576	4
7577	3
7578	3
7579	1
7580	1
7581	5
7582	1
7583	1
7584	4
7585	1
7586	4
7587	3
7588	2
7589	1
7590	1
7591	1
7592	4
7593	1
7594	3
7595	5
7596	4
7597	5
7598	5
7599	4
7600	2
7601	4
7602	5
7603	1
7604	1
7605	4
7606	5
7607	2
7608	4
7609	4
7610	1
7611	4
7612	2
7613	3
7614	5
7615	4
7616	2
7617	1
7618	2
7619	5
7620	5
7621	5
7622	3
7623	1
7624	2
7625	2
7626	1
7627	5
7628	2
7629	3
7630	2
7631	1
7632	2
7633	4
7634	4
7635	2
7636	1
7637	3
7638	1
7639	1
7640	3
7641	4
7642	4
7643	5
7644	5
7645	2
7646	3
7647	2
7648	4
7649	5
7650	3
7651	4
7652	2
7653	2
7654	4
7655	5
7656	2
7657	5
7658	1
7659	4
7660	5
7661	4
7662	4
7663	3
7664	1
7665	3
7666	2
7667	2
7668	4
7669	3
7670	5
7671	1
7672	5
7673	2
7674	5
7675	4
7676	3
7677	4
7678	1
7679	1
7680	4
7681	3
7682	3
7683	3
7684	1
7685	3
7686	2
7687	5
7688	3
7689	5
7690	1
7691	2
7692	3
7693	2
7694	2
7695	3
7696	5
7697	3
7698	1
7699	1
7700	3
7701	4
7702	3
7703	5
7704	5
7705	4
7706	5
7707	5
7708	2
7709	2
7710	1
7711	3
7712	4
7713	5
7714	3
7715	2
7716	2
7717	5
7718	3
7719	5
7720	5
7721	3
7722	1
7723	5
7724	2
7725	1
7726	2
7727	5
7728	4
7729	2
7730	5
7731	4
7732	4
7733	4
7734	4
7735	1
7736	5
7737	4
7738	2
7739	3
7740	1
7741	2
7742	3
7743	3
7744	5
7745	1
7746	5
7747	2
7748	5
7749	1
7750	4
7751	2
7752	3
7753	3
7754	4
7755	1
7756	3
7757	1
7758	3
7759	4
7760	3
7761	5
7762	4
7763	5
7764	5
7765	4
7766	2
7767	3
7768	3
7769	5
7770	1
7771	5
7772	2
7773	4
7774	5
7775	2
7776	5
7777	2
7778	4
7779	4
7780	2
7781	5
7782	5
7783	5
7784	3
7785	2
7786	4
7787	5
7788	5
7789	3
7790	3
7791	3
7792	3
7793	5
7794	3
7795	4
7796	1
7797	1
7798	2
7799	5
7800	5
7801	4
7802	4
7803	5
7804	3
7805	2
7806	3
7807	5
7808	4
7809	5
7810	1
7811	4
7812	2
7813	1
7814	3
7815	1
7816	2
7817	1
7818	1
7819	2
7820	5
7821	1
7822	5
7823	2
7824	2
7825	2
7826	4
7827	1
7828	2
7829	2
7830	5
7831	1
7832	5
7833	3
7834	4
7835	3
7836	1
7837	1
7838	5
7839	2
7840	5
7841	3
7842	3
7843	5
7844	2
7845	2
7846	2
7847	5
7848	2
7849	1
7850	5
7851	3
7852	2
7853	4
7854	3
7855	1
7856	2
7857	3
7858	2
7859	1
7860	4
7861	3
7862	2
7863	5
7864	2
7865	2
7866	4
7867	1
7868	2
7869	1
7870	3
7871	5
7872	3
7873	1
7874	3
7875	3
7876	1
7877	1
7878	5
7879	2
7880	3
7881	2
7882	3
7883	4
7884	2
7885	2
7886	4
7887	5
7888	1
7889	2
7890	4
7891	3
7892	1
7893	4
7894	2
7895	2
7896	1
7897	3
7898	1
7899	4
7900	3
7901	5
7902	2
7903	5
7904	1
7905	1
7906	4
7907	2
7908	1
7909	5
7910	2
7911	1
7912	5
7913	2
7914	1
7915	5
7916	3
7917	3
7918	2
7919	1
7920	1
7921	5
7922	3
7923	4
7924	5
7925	1
7926	2
7927	3
7928	3
7929	4
7930	2
7931	3
7932	1
7933	1
7934	5
7935	4
7936	4
7937	1
7938	1
7939	1
7940	4
7941	2
7942	3
7943	3
7944	1
7945	4
7946	1
7947	4
7948	3
7949	4
7950	4
7951	1
7952	2
7953	1
7954	4
7955	1
7956	5
7957	1
7958	1
7959	1
7960	4
7961	1
7962	2
7963	3
7964	1
7965	2
7966	5
7967	1
7968	4
7969	2
7970	5
7971	4
7972	4
7973	4
7974	1
7975	2
7976	3
7977	3
7978	3
7979	2
7980	2
7981	1
7982	3
7983	1
7984	5
7985	1
7986	2
7987	1
7988	5
7989	4
7990	5
7991	5
7992	1
7993	3
7994	3
7995	3
7996	5
7997	5
7998	4
7999	5
8000	4
8001	2
8002	2
8003	1
8004	1
8005	3
8006	3
8007	2
8008	4
8009	4
8010	2
8011	3
8012	2
8013	2
8014	3
8015	4
8016	2
8017	4
8018	2
8019	3
8020	1
8021	4
8022	3
8023	2
8024	3
8025	1
8026	3
8027	4
8028	2
8029	2
8030	2
8031	1
8032	1
8033	1
8034	4
8035	4
8036	1
8037	4
8038	5
8039	4
8040	1
8041	1
8042	3
8043	1
8044	2
8045	2
8046	5
8047	2
8048	3
8049	2
8050	4
8051	4
8052	4
8053	2
8054	3
8055	1
8056	1
8057	3
8058	2
8059	1
8060	4
8061	2
8062	3
8063	2
8064	5
8065	1
8066	3
8067	1
8068	4
8069	3
8070	5
8071	4
8072	2
8073	3
8074	4
8075	4
8076	1
8077	4
8078	5
8079	4
8080	4
8081	1
8082	2
8083	1
8084	4
8085	1
8086	2
8087	1
8088	5
8089	1
8090	4
8091	5
8092	2
8093	5
8094	1
8095	5
8096	3
8097	1
8098	4
8099	4
8100	4
8101	4
8102	2
8103	5
8104	3
8105	3
8106	3
8107	1
8108	3
8109	2
8110	1
8111	3
8112	4
8113	1
8114	2
8115	4
8116	3
8117	1
8118	2
8119	1
8120	4
8121	2
8122	4
8123	4
8124	2
8125	3
8126	3
8127	3
8128	5
8129	5
8130	2
8131	3
8132	5
8133	4
8134	1
8135	1
8136	2
8137	5
8138	3
8139	2
8140	3
8141	3
8142	4
8143	1
8144	5
8145	2
8146	5
8147	3
8148	3
8149	3
8150	4
8151	3
8152	4
8153	2
8154	5
8155	5
8156	3
8157	2
8158	1
8159	2
8160	4
8161	4
8162	4
8163	2
8164	1
8165	4
8166	4
8167	1
8168	4
8169	4
8170	4
8171	5
8172	3
8173	3
8174	3
8175	1
8176	4
8177	2
8178	4
8179	5
8180	5
8181	2
8182	2
8183	1
8184	5
8185	3
8186	3
8187	3
8188	2
8189	1
8190	4
8191	3
8192	1
8193	1
8194	4
8195	2
8196	4
8197	3
8198	4
8199	4
8200	3
8201	2
8202	2
8203	4
8204	3
8205	1
8206	3
8207	3
8208	3
8209	1
8210	2
8211	2
8212	4
8213	4
8214	2
8215	1
8216	1
8217	2
8218	1
8219	5
8220	4
8221	3
8222	1
8223	3
8224	5
8225	2
8226	3
8227	3
8228	4
8229	5
8230	2
8231	2
8232	5
8233	4
8234	2
8235	2
8236	2
8237	4
8238	3
8239	3
8240	1
8241	4
8242	2
8243	5
8244	1
8245	4
8246	3
8247	5
8248	5
8249	4
8250	5
8251	5
8252	3
8253	5
8254	2
8255	4
8256	5
8257	3
8258	5
8259	4
8260	1
8261	4
8262	1
8263	5
8264	1
8265	2
8266	5
8267	3
8268	3
8269	4
8270	5
8271	2
8272	2
8273	4
8274	3
8275	1
8276	2
8277	5
8278	1
8279	4
8280	5
8281	1
8282	5
8283	2
8284	4
8285	1
8286	2
8287	5
8288	3
8289	1
8290	3
8291	3
8292	4
8293	5
8294	4
8295	3
8296	3
8297	5
8298	2
8299	3
8300	1
8301	4
8302	2
8303	2
8304	1
8305	3
8306	1
8307	1
8308	5
8309	1
8310	1
8311	1
8312	4
8313	5
8314	1
8315	4
8316	5
8317	1
8318	1
8319	5
8320	3
8321	5
8322	5
8323	1
8324	1
8325	5
8326	2
8327	1
8328	5
8329	3
8330	3
8331	5
8332	1
8333	4
8334	1
8335	5
8336	5
8337	3
8338	2
8339	5
8340	3
8341	4
8342	2
8343	2
8344	1
8345	3
8346	3
8347	4
8348	4
8349	4
8350	2
8351	3
8352	3
8353	2
8354	4
8355	4
8356	3
8357	1
8358	1
8359	2
8360	5
8361	4
8362	4
8363	2
8364	5
8365	5
8366	2
8367	4
8368	3
8369	1
8370	2
8371	2
8372	3
8373	2
8374	1
8375	3
8376	3
8377	4
8378	3
8379	5
8380	2
8381	2
8382	2
8383	5
8384	1
8385	5
8386	5
8387	3
8388	5
8389	4
8390	4
8391	4
8392	5
8393	5
8394	4
8395	1
8396	1
8397	2
8398	2
8399	3
8400	2
8401	1
8402	3
8403	3
8404	2
8405	5
8406	3
8407	2
8408	1
8409	3
8410	3
8411	2
8412	1
8413	4
8414	2
8415	2
8416	3
8417	4
8418	5
8419	3
8420	3
8421	3
8422	4
8423	2
8424	5
8425	4
8426	1
8427	1
8428	4
8429	5
8430	2
8431	4
8432	5
8433	5
8434	3
8435	4
8436	2
8437	1
8438	2
8439	1
8440	5
8441	3
8442	4
8443	4
8444	3
8445	3
8446	5
8447	3
8448	3
8449	2
8450	2
8451	4
8452	4
8453	3
8454	5
8455	1
8456	5
8457	4
8458	1
8459	5
8460	5
8461	2
8462	3
8463	2
8464	2
8465	3
8466	5
8467	3
8468	5
8469	2
8470	5
8471	1
8472	4
8473	2
8474	2
8475	4
8476	5
8477	3
8478	5
8479	3
8480	3
8481	3
8482	2
8483	4
8484	3
8485	1
8486	3
8487	1
8488	5
8489	2
8490	4
8491	5
8492	1
8493	2
8494	4
8495	5
8496	4
8497	1
8498	4
8499	5
8500	1
8501	1
8502	2
8503	5
8504	4
8505	5
8506	5
8507	4
8508	3
8509	3
8510	3
8511	1
8512	1
8513	5
8514	4
8515	2
8516	1
8517	2
8518	4
8519	2
8520	1
8521	1
8522	2
8523	4
8524	3
8525	5
8526	3
8527	5
8528	3
8529	2
8530	2
8531	4
8532	2
8533	3
8534	4
8535	4
8536	3
8537	1
8538	1
8539	2
8540	3
8541	2
8542	4
8543	4
8544	4
8545	2
8546	1
8547	5
8548	2
8549	4
8550	3
8551	1
8552	3
8553	2
8554	2
8555	3
8556	5
8557	3
8558	2
8559	3
8560	2
8561	5
8562	5
8563	4
8564	1
8565	5
8566	2
8567	4
8568	5
8569	1
8570	2
8571	4
8572	3
8573	4
8574	1
8575	3
8576	5
8577	4
8578	5
8579	1
8580	4
8581	1
8582	4
8583	1
8584	3
8585	2
8586	3
8587	5
8588	1
8589	3
8590	1
8591	5
8592	4
8593	1
8594	5
8595	2
8596	2
8597	4
8598	5
8599	3
8600	1
8601	1
8602	2
8603	2
8604	5
8605	5
8606	1
8607	2
8608	1
8609	2
8610	4
8611	5
8612	1
8613	4
8614	2
8615	1
8616	4
8617	5
8618	2
8619	4
8620	4
8621	1
8622	5
8623	2
8624	3
8625	5
8626	4
8627	3
8628	3
8629	1
8630	2
8631	4
8632	3
8633	1
8634	5
8635	1
8636	5
8637	3
8638	1
8639	4
8640	3
8641	1
8642	1
8643	5
8644	4
8645	2
8646	2
8647	4
8648	1
8649	5
8650	5
8651	4
8652	5
8653	1
8654	5
8655	5
8656	4
8657	5
8658	2
8659	5
8660	1
8661	2
8662	3
8663	3
8664	3
8665	3
8666	1
8667	1
8668	5
8669	4
8670	2
8671	1
8672	2
8673	2
8674	5
8675	5
8676	1
8677	2
8678	1
8679	4
8680	2
8681	3
8682	3
8683	2
8684	3
8685	5
8686	1
8687	4
8688	3
8689	5
8690	3
8691	3
8692	1
8693	5
8694	4
8695	3
8696	5
8697	5
8698	1
8699	2
8700	4
8701	1
8702	2
8703	1
8704	3
8705	4
8706	3
8707	1
8708	2
8709	3
8710	5
8711	1
8712	4
8713	4
8714	4
8715	3
8716	1
8717	2
8718	5
8719	5
8720	1
8721	3
8722	2
8723	4
8724	4
8725	2
8726	4
8727	5
8728	3
8729	5
8730	1
8731	4
8732	1
8733	2
8734	3
8735	4
8736	2
8737	2
8738	4
8739	1
8740	5
8741	2
8742	1
8743	4
8744	5
8745	2
8746	4
8747	2
8748	2
8749	5
8750	2
8751	4
8752	5
8753	5
8754	3
8755	5
8756	3
8757	3
8758	3
8759	4
8760	4
8761	5
8762	4
8763	2
8764	1
8765	1
8766	4
8767	1
8768	1
8769	2
8770	1
8771	1
8772	4
8773	4
8774	1
8775	5
8776	1
8777	5
8778	1
8779	5
8780	1
8781	4
8782	4
8783	1
8784	4
8785	5
8786	4
8787	5
8788	3
8789	5
8790	5
8791	5
8792	3
8793	4
8794	4
8795	2
8796	1
8797	4
8798	3
8799	2
8800	1
8801	4
8802	1
8803	5
8804	1
8805	2
8806	1
8807	5
8808	1
8809	1
8810	5
8811	2
8812	1
8813	1
8814	2
8815	5
8816	1
8817	2
8818	5
8819	2
8820	5
8821	3
8822	3
8823	1
8824	5
8825	3
8826	5
8827	3
8828	4
8829	5
8830	1
8831	5
8832	1
8833	5
8834	1
8835	1
8836	2
8837	1
8838	2
8839	3
8840	1
8841	5
8842	1
8843	4
8844	4
8845	1
8846	4
8847	1
8848	4
8849	3
8850	4
8851	1
8852	1
8853	5
8854	4
8855	1
8856	2
8857	2
8858	1
8859	3
8860	1
8861	5
8862	3
8863	3
8864	2
8865	2
8866	3
8867	1
8868	2
8869	4
8870	1
8871	5
8872	5
8873	1
8874	3
8875	4
8876	3
8877	5
8878	1
8879	2
8880	3
8881	2
8882	3
8883	3
8884	5
8885	3
8886	3
8887	3
8888	4
8889	5
8890	2
8891	4
8892	4
8893	2
8894	5
8895	4
8896	5
8897	5
8898	2
8899	4
8900	3
8901	1
8902	5
8903	3
8904	5
8905	2
8906	2
8907	4
8908	2
8909	1
8910	4
8911	4
8912	4
8913	1
8914	2
8915	3
8916	5
8917	2
8918	1
8919	2
8920	3
8921	3
8922	1
8923	5
8924	1
8925	5
8926	2
8927	5
8928	1
8929	2
8930	1
8931	3
8932	3
8933	4
8934	3
8935	3
8936	3
8937	1
8938	3
8939	4
8940	3
8941	5
8942	4
8943	1
8944	1
8945	5
8946	5
8947	1
8948	1
8949	2
8950	5
8951	2
8952	2
8953	4
8954	1
8955	5
8956	2
8957	4
8958	1
8959	4
8960	4
8961	3
8962	1
8963	1
8964	4
8965	2
8966	5
8967	1
8968	4
8969	4
8970	4
8971	1
8972	2
8973	4
8974	1
8975	5
8976	3
8977	5
8978	5
8979	4
8980	2
8981	1
8982	5
8983	4
8984	1
8985	4
8986	2
8987	5
8988	2
8989	1
8990	5
8991	5
8992	5
8993	3
8994	3
8995	5
8996	3
8997	1
8998	1
8999	3
9000	5
9001	2
9002	2
9003	4
9004	1
9005	4
9006	5
9007	4
9008	2
9009	5
9010	5
9011	5
9012	3
9013	3
9014	2
9015	3
9016	2
9017	2
9018	2
9019	3
9020	3
9021	5
9022	2
9023	1
9024	5
9025	4
9026	5
9027	1
9028	1
9029	5
9030	4
9031	5
9032	1
9033	4
9034	1
9035	2
9036	2
9037	3
9038	5
9039	4
9040	4
9041	5
9042	1
9043	1
9044	1
9045	1
9046	5
9047	2
9048	1
9049	1
9050	4
9051	3
9052	4
9053	1
9054	4
9055	5
9056	2
9057	5
9058	1
9059	5
9060	4
9061	5
9062	3
9063	5
9064	2
9065	1
9066	4
9067	1
9068	1
9069	3
9070	3
9071	4
9072	5
9073	4
9074	3
9075	2
9076	4
9077	3
9078	1
9079	4
9080	2
9081	2
9082	5
9083	5
9084	2
9085	5
9086	1
9087	5
9088	1
9089	5
9090	5
9091	4
9092	5
9093	2
9094	5
9095	4
9096	5
9097	2
9098	2
9099	5
9100	2
9101	2
9102	3
9103	3
9104	1
9105	1
9106	4
9107	1
9108	2
9109	2
9110	5
9111	4
9112	1
9113	2
9114	2
9115	2
9116	2
9117	5
9118	1
9119	1
9120	2
9121	1
9122	3
9123	5
9124	2
9125	1
9126	3
9127	4
9128	1
9129	2
9130	1
9131	2
9132	4
9133	2
9134	2
9135	3
9136	2
9137	3
9138	2
9139	4
9140	1
9141	5
9142	1
9143	5
9144	1
9145	1
9146	2
9147	3
9148	3
9149	1
9150	1
9151	5
9152	3
9153	5
9154	3
9155	5
9156	1
9157	1
9158	5
9159	2
9160	1
9161	5
9162	2
9163	2
9164	5
9165	1
9166	5
9167	4
9168	5
9169	2
9170	3
9171	2
9172	3
9173	1
9174	4
9175	1
9176	2
9177	4
9178	2
9179	1
9180	4
9181	3
9182	1
9183	4
9184	4
9185	5
9186	3
9187	1
9188	2
9189	3
9190	2
9191	4
9192	4
9193	3
9194	4
9195	5
9196	1
9197	2
9198	3
9199	2
9200	2
9201	5
9202	5
9203	3
9204	1
9205	2
9206	4
9207	4
9208	4
9209	5
9210	4
9211	4
9212	4
9213	1
9214	2
9215	2
9216	2
9217	1
9218	2
9219	1
9220	3
9221	2
9222	4
9223	1
9224	1
9225	2
9226	2
9227	1
9228	2
9229	2
9230	5
9231	3
9232	4
9233	1
9234	2
9235	3
9236	4
9237	3
9238	4
9239	5
9240	4
9241	2
9242	2
9243	2
9244	5
9245	1
9246	5
9247	3
9248	2
9249	1
9250	5
9251	5
9252	5
9253	2
9254	2
9255	2
9256	2
9257	1
9258	1
9259	5
9260	4
9261	3
9262	5
9263	3
9264	4
9265	5
9266	3
9267	3
9268	4
9269	5
9270	4
9271	3
9272	2
9273	1
9274	4
9275	5
9276	4
9277	3
9278	1
9279	2
9280	3
9281	2
9282	1
9283	5
9284	5
9285	4
9286	3
9287	1
9288	1
9289	2
9290	1
9291	4
9292	1
9293	4
9294	2
9295	3
9296	2
9297	4
9298	5
9299	2
9300	3
9301	5
9302	1
9303	4
9304	4
9305	2
9306	2
9307	2
9308	5
9309	2
9310	5
9311	1
9312	4
9313	3
9314	1
9315	4
9316	1
9317	4
9318	3
9319	5
9320	1
9321	3
9322	1
9323	5
9324	3
9325	1
9326	3
9327	1
9328	5
9329	2
9330	3
9331	4
9332	3
9333	1
9334	3
9335	4
9336	1
9337	2
9338	3
9339	4
9340	3
9341	5
9342	4
9343	1
9344	5
9345	1
9346	3
9347	1
9348	4
9349	5
9350	4
9351	3
9352	1
9353	1
9354	3
9355	2
9356	5
9357	3
9358	2
9359	3
9360	2
9361	1
9362	2
9363	4
9364	3
9365	4
9366	5
9367	2
9368	4
9369	1
9370	4
9371	1
9372	3
9373	2
9374	4
9375	5
9376	1
9377	4
9378	4
9379	1
9380	3
9381	1
9382	3
9383	5
9384	1
9385	5
9386	2
9387	5
9388	1
9389	2
9390	2
9391	3
9392	1
9393	3
9394	5
9395	4
9396	5
9397	3
9398	1
9399	3
9400	1
9401	1
9402	1
9403	4
9404	5
9405	3
9406	2
9407	4
9408	3
9409	3
9410	1
9411	3
9412	2
9413	1
9414	5
9415	4
9416	1
9417	2
9418	2
9419	3
9420	3
9421	5
9422	1
9423	5
9424	4
9425	3
9426	1
9427	3
9428	5
9429	2
9430	3
9431	4
9432	1
9433	2
9434	3
9435	3
9436	2
9437	2
9438	2
9439	5
9440	3
9441	1
9442	4
9443	5
9444	4
9445	4
9446	1
9447	3
9448	2
9449	5
9450	3
9451	1
9452	4
9453	3
9454	2
9455	5
9456	4
9457	5
9458	1
9459	3
9460	4
9461	1
9462	5
9463	1
9464	1
9465	2
9466	2
9467	3
9468	2
9469	5
9470	2
9471	4
9472	5
9473	1
9474	1
9475	1
9476	2
9477	4
9478	5
9479	2
9480	3
9481	2
9482	2
9483	4
9484	1
9485	1
9486	1
9487	3
9488	5
9489	1
9490	5
9491	4
9492	3
9493	3
9494	3
9495	2
9496	4
9497	5
9498	3
9499	3
9500	2
9501	4
9502	5
9503	4
9504	1
9505	4
9506	1
9507	3
9508	5
9509	1
9510	4
9511	4
9512	1
9513	3
9514	2
9515	3
9516	4
9517	4
9518	2
9519	4
9520	3
9521	1
9522	1
9523	5
9524	1
9525	1
9526	3
9527	3
9528	4
9529	4
9530	5
9531	3
9532	3
9533	4
9534	5
9535	5
9536	3
9537	2
9538	1
9539	2
9540	4
9541	4
9542	2
9543	4
9544	2
9545	1
9546	2
9547	4
9548	2
9549	2
9550	3
9551	2
9552	2
9553	3
9554	5
9555	3
9556	3
9557	2
9558	4
9559	2
9560	2
9561	3
9562	3
9563	4
9564	5
9565	4
9566	5
9567	1
9568	2
9569	4
9570	5
9571	5
9572	2
9573	3
9574	4
9575	5
9576	5
9577	1
9578	2
9579	3
9580	3
9581	1
9582	2
9583	2
9584	1
9585	4
9586	2
9587	3
9588	2
9589	5
9590	3
9591	4
9592	1
9593	3
9594	2
9595	4
9596	1
9597	1
9598	3
9599	3
9600	4
9601	5
9602	2
9603	2
9604	4
9605	4
9606	5
9607	3
9608	3
9609	5
9610	1
9611	1
9612	5
9613	2
9614	3
9615	4
9616	3
9617	2
9618	1
9619	1
9620	1
9621	1
9622	3
9623	2
9624	2
9625	5
9626	5
9627	5
9628	1
9629	5
9630	2
9631	1
9632	5
9633	4
9634	3
9635	1
9636	2
9637	5
9638	3
9639	2
9640	4
9641	1
9642	3
9643	4
9644	1
9645	1
9646	1
9647	4
9648	5
9649	3
9650	3
9651	3
9652	2
9653	1
9654	2
9655	4
9656	1
9657	3
9658	4
9659	4
9660	2
9661	4
9662	2
9663	5
9664	3
9665	2
9666	1
9667	4
9668	5
9669	3
9670	3
9671	4
9672	5
9673	4
9674	1
9675	4
9676	3
9677	3
9678	2
9679	3
9680	4
9681	2
9682	5
9683	4
9684	3
9685	3
9686	3
9687	4
9688	1
9689	2
9690	5
9691	1
9692	2
9693	4
9694	3
9695	2
9696	5
9697	1
9698	4
9699	2
9700	5
9701	2
9702	5
9703	2
9704	5
9705	2
9706	2
9707	3
9708	2
9709	2
9710	2
9711	1
9712	2
9713	4
9714	4
9715	3
9716	1
9717	5
9718	2
9719	3
9720	2
9721	4
9722	3
9723	4
9724	1
9725	2
9726	3
9727	2
9728	1
9729	1
9730	1
9731	5
9732	2
9733	1
9734	2
9735	5
9736	2
9737	1
9738	4
9739	2
9740	3
9741	4
9742	1
9743	5
9744	3
9745	1
9746	2
9747	5
9748	1
9749	1
9750	2
9751	3
9752	3
9753	3
9754	1
9755	1
9756	4
9757	4
9758	3
9759	4
9760	2
9761	1
9762	2
9763	2
9764	2
9765	1
9766	3
9767	2
9768	2
9769	4
9770	3
9771	3
9772	1
9773	1
9774	2
9775	4
9776	5
9777	4
9778	1
9779	1
9780	5
9781	5
9782	5
9783	2
9784	5
9785	2
9786	4
9787	5
9788	3
9789	3
9790	3
9791	2
9792	5
9793	3
9794	2
9795	4
9796	2
9797	1
9798	2
9799	3
9800	1
9801	3
9802	1
9803	4
9804	4
9805	4
9806	1
9807	1
9808	5
9809	2
9810	5
9811	4
9812	1
9813	5
9814	4
9815	3
9816	1
9817	5
9818	5
9819	4
9820	2
9821	4
9822	5
9823	1
9824	1
9825	3
9826	1
9827	2
9828	2
9829	3
9830	3
9831	4
9832	3
9833	5
9834	3
9835	4
9836	1
9837	2
9838	4
9839	4
9840	5
9841	1
9842	5
9843	4
9844	2
9845	5
9846	2
9847	1
9848	3
9849	4
9850	2
9851	2
9852	3
9853	5
9854	5
9855	4
9856	1
9857	3
9858	2
9859	4
9860	5
9861	3
9862	3
9863	1
9864	5
9865	4
9866	1
9867	2
9868	4
9869	1
9870	2
9871	5
9872	4
9873	3
9874	1
9875	3
9876	4
9877	3
9878	5
9879	1
9880	2
9881	1
9882	5
9883	5
9884	5
9885	2
9886	4
9887	4
9888	4
9889	1
9890	5
9891	5
9892	2
9893	1
9894	4
9895	5
9896	4
9897	2
9898	5
9899	3
9900	2
9901	2
9902	1
9903	2
9904	4
9905	4
9906	1
9907	1
9908	5
9909	5
9910	5
9911	2
9912	4
9913	5
9914	4
9915	2
9916	3
9917	5
9918	4
9919	2
9920	5
9921	2
9922	2
9923	3
9924	4
9925	1
9926	1
9927	3
9928	5
9929	1
9930	4
9931	5
9932	1
9933	2
9934	1
9935	5
9936	3
9937	4
9938	3
9939	2
9940	4
9941	4
9942	4
9943	4
9944	4
9945	1
9946	5
9947	4
9948	2
9949	2
9950	5
9951	4
9952	3
9953	4
9954	2
9955	5
9956	2
9957	5
9958	5
9959	3
9960	4
9961	2
9962	2
9963	1
9964	4
9965	4
9966	2
9967	2
9968	4
9969	1
9970	2
9971	2
9972	2
9973	3
9974	1
9975	2
9976	1
9977	3
9978	1
9979	2
9980	2
9981	2
9982	3
9983	4
9984	1
9985	4
9986	3
9987	2
9988	1
9989	4
9990	1
9991	1
9992	5
9993	3
9994	1
9995	4
9996	1
9997	4
9998	4
9999	3
