0	2
1	3
2	2
3	2
4	2
5	2
6	3
7	3
8	1
9	3
10	3
11	2
12	1
13	3
14	2
15	2
16	2
17	3
18	2
19	3
20	3
21	3
22	3
23	1
24	3
25	3
26	2
27	3
28	3
29	2
30	2
31	2
32	2
33	2
34	2
35	1
36	2
37	3
38	3
39	3
40	3
41	3
42	3
43	3
44	1
45	3
46	3
47	2
48	3
49	3
50	2
51	3
52	2
53	2
54	2
55	3
56	3
57	3
58	3
59	3
60	3
61	3
62	3
63	3
64	3
65	3
66	3
67	2
68	3
69	3
70	3
71	3
72	3
73	3
74	2
75	3
76	2
77	1
78	3
79	3
80	3
81	2
82	3
83	2
84	3
85	1
86	3
87	2
88	3
89	2
90	2
91	2
92	3
93	2
94	2
95	3
96	3
97	3
98	3
99	2
100	3
101	2
102	2
103	1
104	2
105	1
106	3
107	3
108	1
109	3
110	3
111	2
112	2
113	2
114	3
115	3
116	2
117	3
118	3
119	3
120	2
121	1
122	3
123	3
124	2
125	3
126	3
127	3
128	2
129	3
130	2
131	3
132	2
133	2
134	3
135	3
136	2
137	3
138	3
139	3
140	1
141	3
142	3
143	2
144	2
145	3
146	3
147	3
148	3
149	2
150	3
151	2
152	3
153	3
154	2
155	3
156	3
157	3
158	3
159	3
160	3
161	3
162	2
163	2
164	2
165	2
166	2
167	2
168	3
169	2
170	2
171	2
172	3
173	2
174	2
175	3
176	2
177	1
178	1
179	2
180	2
181	3
182	2
183	2
184	3
185	2
186	2
187	2
188	3
189	1
190	3
191	3
192	3
193	3
194	3
195	3
196	3
197	2
198	3
199	2
200	2
201	3
202	2
203	3
204	3
205	2
206	1
207	2
208	3
209	3
210	3
211	3
212	3
213	2
214	3
215	3
216	2
217	3
218	2
219	2
220	3
221	3
222	3
223	2
224	3
225	3
226	3
227	2
228	3
229	3
230	2
231	3
232	3
233	3
234	3
235	3
236	3
237	3
238	1
239	3
240	2
241	2
242	3
243	3
244	3
245	3
246	3
247	1
248	1
249	3
250	2
251	2
252	3
253	3
254	3
255	2
256	2
257	2
258	2
259	3
260	3
261	3
262	3
263	3
264	3
265	1
266	3
267	3
268	3
269	3
270	3
271	3
272	3
273	3
274	3
275	3
276	3
277	2
278	2
279	2
280	3
281	1
282	3
283	2
284	3
285	1
286	3
287	3
288	3
289	1
290	3
291	1
292	2
293	3
294	2
295	3
296	2
297	3
298	2
299	2
300	3
301	3
302	2
303	2
304	3
305	1
306	2
307	3
308	3
309	1
310	2
311	3
312	3
313	2
314	3
315	3
316	3
317	3
318	3
319	1
320	2
321	2
322	2
323	3
324	2
325	3
326	3
327	2
328	3
329	2
330	3
331	3
332	2
333	3
334	1
335	1
336	2
337	3
338	2
339	3
340	1
341	3
342	3
343	1
344	3
345	3
346	3
347	3
348	3
349	1
350	2
351	3
352	3
353	3
354	3
355	2
356	3
357	3
358	3
359	2
360	3
361	3
362	3
363	3
364	2
365	3
366	3
367	3
368	3
369	3
370	2
371	2
372	1
373	1
374	1
375	2
376	3
377	3
378	3
379	3
380	3
381	3
382	3
383	2
384	3
385	3
386	3
387	2
388	3
389	3
390	2
391	1
392	3
393	3
394	3
395	3
396	3
397	3
398	1
399	3
400	2
401	2
402	1
403	3
404	2
405	3
406	2
407	3
408	3
409	2
410	2
411	2
412	3
413	1
414	3
415	3
416	2
417	2
418	2
419	2
420	2
421	2
422	3
423	3
424	2
425	2
426	3
427	3
428	2
429	3
430	2
431	3
432	2
433	3
434	2
435	3
436	3
437	1
438	2
439	3
440	2
441	3
442	3
443	2
444	1
445	2
446	2
447	3
448	3
449	3
450	3
451	3
452	3
453	3
454	3
455	3
456	3
457	2
458	1
459	3
460	2
461	3
462	3
463	3
464	2
465	3
466	2
467	2
468	2
469	3
470	3
471	1
472	3
473	3
474	3
475	3
476	3
477	1
478	1
479	3
480	1
481	3
482	2
483	2
484	2
485	3
486	3
487	2
488	2
489	3
490	3
491	1
492	3
493	3
494	2
495	2
496	3
497	3
498	2
499	3
500	3
501	2
502	3
503	2
504	3
505	3
506	3
507	3
508	2
509	3
510	2
511	3
512	2
513	3
514	3
515	3
516	2
517	3
518	2
519	2
520	2
521	2
522	2
523	3
524	2
525	3
526	3
527	2
528	3
529	2
530	2
531	3
532	3
533	2
534	3
535	2
536	3
537	3
538	3
539	2
540	2
541	3
542	3
543	2
544	3
545	3
546	2
547	3
548	2
549	3
550	3
551	3
552	2
553	2
554	2
555	2
556	2
557	3
558	3
559	2
560	2
561	2
562	3
563	3
564	2
565	3
566	3
567	3
568	3
569	3
570	3
571	1
572	2
573	2
574	3
575	2
576	2
577	3
578	2
579	2
580	3
581	3
582	3
583	2
584	3
585	3
586	2
587	1
588	2
589	2
590	3
591	2
592	3
593	3
594	3
595	1
596	2
597	3
598	3
599	1
600	2
601	3
602	3
603	3
604	3
605	3
606	2
607	2
608	3
609	1
610	3
611	2
612	3
613	3
614	3
615	3
616	3
617	3
618	3
619	2
620	3
621	3
622	2
623	2
624	2
625	3
626	3
627	2
628	3
629	3
630	2
631	3
632	1
633	2
634	2
635	3
636	3
637	2
638	3
639	2
640	2
641	2
642	3
643	3
644	2
645	3
646	3
647	2
648	2
649	3
650	3
651	2
652	3
653	3
654	2
655	2
656	1
657	2
658	3
659	3
660	2
661	2
662	2
663	2
664	2
665	3
666	2
667	3
668	1
669	2
670	3
671	3
672	3
673	1
674	2
675	3
676	3
677	3
678	1
679	2
680	2
681	2
682	3
683	1
684	3
685	3
686	3
687	2
688	2
689	3
690	3
691	3
692	2
693	3
694	1
695	3
696	3
697	3
698	2
699	1
700	3
701	3
702	3
703	3
704	3
705	3
706	2
707	2
708	2
709	3
710	2
711	2
712	3
713	3
714	2
715	2
716	3
717	2
718	2
719	3
720	3
721	3
722	3
723	3
724	3
725	2
726	3
727	2
728	3
729	2
730	3
731	3
732	3
733	2
734	2
735	3
736	2
737	3
738	3
739	2
740	2
741	1
742	3
743	2
744	3
745	2
746	2
747	2
748	3
749	2
750	2
751	3
752	2
753	2
754	3
755	3
756	2
757	1
758	2
759	2
760	3
761	3
762	2
763	2
764	3
765	3
766	2
767	3
768	3
769	3
770	2
771	2
772	3
773	3
774	3
775	2
776	3
777	2
778	3
779	2
780	2
781	3
782	2
783	2
784	1
785	2
786	3
787	3
788	2
789	2
790	2
791	3
792	3
793	2
794	1
795	1
796	3
797	3
798	3
799	3
800	3
801	3
802	3
803	3
804	3
805	3
806	3
807	3
808	2
809	2
810	2
811	1
812	2
813	2
814	3
815	3
816	2
817	2
818	3
819	3
820	3
821	2
822	3
823	1
824	2
825	3
826	3
827	2
828	3
829	2
830	1
831	2
832	3
833	2
834	3
835	3
836	3
837	3
838	3
839	3
840	2
841	1
842	3
843	3
844	2
845	3
846	2
847	3
848	2
849	3
850	3
851	3
852	1
853	2
854	3
855	3
856	3
857	3
858	3
859	2
860	3
861	3
862	3
863	3
864	2
865	2
866	2
867	2
868	2
869	1
870	3
871	3
872	2
873	3
874	2
875	2
876	1
877	2
878	1
879	3
880	2
881	3
882	3
883	3
884	3
885	2
886	1
887	2
888	2
889	2
890	3
891	2
892	3
893	3
894	3
895	2
896	2
897	3
898	2
899	3
900	3
901	3
902	2
903	3
904	3
905	2
906	1
907	2
908	2
909	2
910	3
911	3
912	2
913	3
914	1
915	3
916	1
917	3
918	1
919	3
920	3
921	3
922	1
923	2
924	2
925	3
926	3
927	3
928	2
929	3
930	3
931	3
932	3
933	2
934	3
935	3
936	2
937	3
938	2
939	3
940	3
941	2
942	2
943	2
944	3
945	1
946	2
947	3
948	3
949	3
950	2
951	1
952	2
953	3
954	1
955	3
956	3
957	3
958	2
959	2
960	2
961	2
962	3
963	3
964	3
965	1
966	2
967	2
968	2
969	3
970	2
971	3
972	1
973	1
974	3
975	3
976	1
977	2
978	3
979	2
980	2
981	2
982	2
983	3
984	1
985	1
986	3
987	3
988	3
989	3
990	2
991	3
992	3
993	2
994	2
995	2
996	3
997	3
998	3
999	1
1000	3
1001	3
1002	3
1003	2
1004	2
1005	2
1006	3
1007	3
1008	3
1009	2
1010	2
1011	2
1012	3
1013	2
1014	3
1015	3
1016	3
1017	2
1018	3
1019	2
1020	2
1021	1
1022	3
1023	2
1024	2
1025	3
1026	2
1027	3
1028	2
1029	3
1030	3
1031	3
1032	1
1033	2
1034	3
1035	2
1036	2
1037	3
1038	3
1039	3
1040	2
1041	3
1042	1
1043	2
1044	2
1045	2
1046	1
1047	2
1048	3
1049	2
1050	3
1051	3
1052	3
1053	1
1054	1
1055	3
1056	3
1057	3
1058	1
1059	3
1060	3
1061	2
1062	3
1063	3
1064	3
1065	2
1066	3
1067	3
1068	2
1069	2
1070	1
1071	3
1072	3
1073	3
1074	3
1075	3
1076	2
1077	3
1078	2
1079	3
1080	3
1081	2
1082	3
1083	2
1084	3
1085	2
1086	2
1087	3
1088	3
1089	2
1090	3
1091	2
1092	1
1093	2
1094	2
1095	3
1096	3
1097	2
1098	3
1099	3
1100	3
1101	2
1102	2
1103	3
1104	3
1105	1
1106	3
1107	3
1108	3
1109	3
1110	1
1111	3
1112	3
1113	2
1114	2
1115	2
1116	3
1117	2
1118	3
1119	3
1120	2
1121	1
1122	2
1123	3
1124	3
1125	1
1126	3
1127	3
1128	2
1129	3
1130	3
1131	1
1132	3
1133	3
1134	3
1135	3
1136	2
1137	1
1138	3
1139	3
1140	3
1141	3
1142	3
1143	2
1144	3
1145	3
1146	2
1147	1
1148	3
1149	2
1150	3
1151	2
1152	2
1153	3
1154	1
1155	2
1156	1
1157	2
1158	3
1159	2
1160	3
1161	3
1162	3
1163	3
1164	3
1165	3
1166	2
1167	2
1168	2
1169	3
1170	3
1171	3
1172	2
1173	2
1174	3
1175	2
1176	2
1177	3
1178	3
1179	3
1180	3
1181	2
1182	2
1183	3
1184	2
1185	3
1186	3
1187	3
1188	3
1189	3
1190	2
1191	2
1192	2
1193	3
1194	3
1195	3
1196	3
1197	1
1198	2
1199	2
1200	2
1201	3
1202	3
1203	2
1204	3
1205	2
1206	3
1207	2
1208	2
1209	2
1210	3
1211	3
1212	2
1213	2
1214	2
1215	2
1216	1
1217	3
1218	2
1219	2
1220	3
1221	2
1222	1
1223	1
1224	1
1225	3
1226	3
1227	3
1228	2
1229	2
1230	3
1231	2
1232	2
1233	3
1234	2
1235	2
1236	3
1237	2
1238	2
1239	3
1240	3
1241	1
1242	2
1243	3
1244	3
1245	3
1246	3
1247	3
1248	3
1249	3
1250	2
1251	3
1252	3
1253	3
1254	3
1255	2
1256	3
1257	3
1258	3
1259	3
1260	2
1261	2
1262	3
1263	1
1264	3
1265	2
1266	3
1267	3
1268	3
1269	1
1270	3
1271	3
1272	1
1273	3
1274	3
1275	3
1276	2
1277	2
1278	3
1279	2
1280	3
1281	3
1282	3
1283	3
1284	2
1285	2
1286	3
1287	3
1288	2
1289	2
1290	1
1291	2
1292	2
1293	2
1294	3
1295	2
1296	3
1297	3
1298	2
1299	3
1300	3
1301	2
1302	2
1303	3
1304	3
1305	3
1306	3
1307	2
1308	2
1309	2
1310	2
1311	1
1312	3
1313	3
1314	3
1315	2
1316	2
1317	3
1318	2
1319	2
1320	2
1321	2
1322	3
1323	2
1324	3
1325	2
1326	2
1327	2
1328	2
1329	3
1330	3
1331	3
1332	2
1333	3
1334	3
1335	3
1336	3
1337	3
1338	1
1339	3
1340	3
1341	2
1342	3
1343	3
1344	2
1345	1
1346	2
1347	3
1348	2
1349	3
1350	3
1351	3
1352	2
1353	2
1354	1
1355	2
1356	3
1357	3
1358	2
1359	2
1360	3
1361	3
1362	3
1363	3
1364	3
1365	2
1366	2
1367	2
1368	3
1369	2
1370	2
1371	3
1372	3
1373	3
1374	3
1375	2
1376	2
1377	2
1378	3
1379	3
1380	2
1381	3
1382	3
1383	3
1384	3
1385	2
1386	3
1387	3
1388	1
1389	1
1390	3
1391	3
1392	2
1393	2
1394	3
1395	3
1396	1
1397	3
1398	3
1399	3
1400	2
1401	1
1402	1
1403	3
1404	3
1405	2
1406	3
1407	2
1408	2
1409	3
1410	3
1411	2
1412	1
1413	3
1414	1
1415	3
1416	1
1417	3
1418	3
1419	2
1420	3
1421	3
1422	3
1423	2
1424	3
1425	3
1426	3
1427	2
1428	3
1429	2
1430	3
1431	3
1432	3
1433	3
1434	2
1435	3
1436	3
1437	3
1438	3
1439	3
1440	3
1441	2
1442	3
1443	3
1444	1
1445	3
1446	3
1447	3
1448	3
1449	3
1450	3
1451	3
1452	3
1453	2
1454	3
1455	3
1456	3
1457	2
1458	3
1459	2
1460	2
1461	3
1462	2
1463	1
1464	3
1465	1
1466	3
1467	2
1468	3
1469	3
1470	3
1471	2
1472	3
1473	2
1474	2
1475	3
1476	3
1477	2
1478	3
1479	3
1480	3
1481	3
1482	2
1483	3
1484	3
1485	3
1486	3
1487	3
1488	3
1489	2
1490	3
1491	2
1492	1
1493	1
1494	3
1495	2
1496	3
1497	3
1498	2
1499	2
1500	1
1501	2
1502	3
1503	2
1504	2
1505	3
1506	2
1507	2
1508	1
1509	3
1510	1
1511	3
1512	3
1513	2
1514	2
1515	3
1516	2
1517	2
1518	1
1519	3
1520	2
1521	3
1522	3
1523	3
1524	3
1525	3
1526	1
1527	2
1528	2
1529	3
1530	2
1531	1
1532	3
1533	2
1534	2
1535	2
1536	3
1537	2
1538	3
1539	2
1540	2
1541	3
1542	1
1543	3
1544	2
1545	3
1546	3
1547	2
1548	2
1549	3
1550	3
1551	2
1552	2
1553	2
1554	2
1555	3
1556	2
1557	3
1558	3
1559	2
1560	1
1561	3
1562	2
1563	1
1564	3
1565	2
1566	3
1567	3
1568	2
1569	3
1570	2
1571	3
1572	3
1573	2
1574	2
1575	3
1576	2
1577	1
1578	2
1579	3
1580	2
1581	2
1582	3
1583	3
1584	3
1585	2
1586	2
1587	2
1588	2
1589	3
1590	2
1591	2
1592	1
1593	3
1594	3
1595	2
1596	1
1597	1
1598	2
1599	3
1600	3
1601	2
1602	3
1603	3
1604	2
1605	3
1606	3
1607	3
1608	2
1609	1
1610	3
1611	2
1612	3
1613	2
1614	3
1615	3
1616	3
1617	3
1618	3
1619	3
1620	1
1621	2
1622	2
1623	3
1624	2
1625	3
1626	2
1627	3
1628	3
1629	3
1630	3
1631	2
1632	2
1633	3
1634	3
1635	2
1636	2
1637	2
1638	2
1639	2
1640	1
1641	2
1642	2
1643	2
1644	2
1645	3
1646	3
1647	3
1648	2
1649	3
1650	3
1651	3
1652	1
1653	2
1654	2
1655	3
1656	2
1657	1
1658	2
1659	3
1660	2
1661	2
1662	2
1663	3
1664	3
1665	3
1666	2
1667	3
1668	2
1669	3
1670	3
1671	3
1672	2
1673	2
1674	3
1675	3
1676	3
1677	3
1678	3
1679	2
1680	2
1681	3
1682	2
1683	2
1684	2
1685	3
1686	2
1687	3
1688	3
1689	3
1690	1
1691	1
1692	3
1693	1
1694	3
1695	3
1696	3
1697	2
1698	3
1699	3
1700	2
1701	3
1702	2
1703	3
1704	2
1705	3
1706	3
1707	3
1708	2
1709	2
1710	2
1711	3
1712	2
1713	3
1714	2
1715	2
1716	2
1717	3
1718	3
1719	3
1720	3
1721	3
1722	3
1723	1
1724	3
1725	2
1726	3
1727	3
1728	3
1729	3
1730	3
1731	2
1732	2
1733	3
1734	3
1735	2
1736	3
1737	3
1738	3
1739	3
1740	2
1741	3
1742	3
1743	2
1744	1
1745	2
1746	2
1747	3
1748	3
1749	1
1750	3
1751	3
1752	2
1753	2
1754	2
1755	3
1756	3
1757	3
1758	3
1759	2
1760	3
1761	3
1762	3
1763	2
1764	2
1765	3
1766	3
1767	2
1768	3
1769	2
1770	3
1771	2
1772	3
1773	3
1774	2
1775	2
1776	2
1777	3
1778	1
1779	3
1780	3
1781	3
1782	3
1783	2
1784	3
1785	3
1786	3
1787	3
1788	2
1789	2
1790	3
1791	2
1792	3
1793	3
1794	2
1795	1
1796	2
1797	3
1798	1
1799	2
1800	3
1801	2
1802	1
1803	2
1804	2
1805	2
1806	3
1807	3
1808	2
1809	1
1810	2
1811	1
1812	2
1813	2
1814	2
1815	2
1816	2
1817	3
1818	3
1819	3
1820	3
1821	3
1822	2
1823	3
1824	3
1825	3
1826	2
1827	2
1828	3
1829	3
1830	3
1831	2
1832	2
1833	3
1834	3
1835	3
1836	2
1837	3
1838	2
1839	3
1840	3
1841	3
1842	3
1843	3
1844	3
1845	1
1846	2
1847	3
1848	3
1849	2
1850	2
1851	2
1852	3
1853	2
1854	2
1855	2
1856	3
1857	2
1858	2
1859	2
1860	3
1861	3
1862	3
1863	2
1864	2
1865	3
1866	3
1867	3
1868	3
1869	3
1870	3
1871	2
1872	3
1873	3
1874	2
1875	1
1876	2
1877	2
1878	2
1879	3
1880	3
1881	1
1882	3
1883	3
1884	2
1885	3
1886	3
1887	2
1888	3
1889	2
1890	3
1891	3
1892	2
1893	3
1894	3
1895	2
1896	2
1897	2
1898	3
1899	3
1900	2
1901	2
1902	2
1903	3
1904	2
1905	3
1906	3
1907	2
1908	2
1909	2
1910	3
1911	2
1912	2
1913	2
1914	3
1915	3
1916	3
1917	3
1918	2
1919	2
1920	2
1921	2
1922	1
1923	2
1924	3
1925	1
1926	2
1927	1
1928	3
1929	2
1930	1
1931	3
1932	2
1933	3
1934	2
1935	3
1936	2
1937	2
1938	1
1939	2
1940	3
1941	3
1942	3
1943	3
1944	3
1945	2
1946	3
1947	2
1948	2
1949	1
1950	3
1951	2
1952	3
1953	1
1954	3
1955	3
1956	3
1957	3
1958	3
1959	1
1960	1
1961	3
1962	1
1963	2
1964	3
1965	1
1966	1
1967	3
1968	2
1969	3
1970	3
1971	1
1972	1
1973	3
1974	2
1975	2
1976	3
1977	3
1978	3
1979	2
1980	3
1981	3
1982	2
1983	3
1984	2
1985	3
1986	2
1987	2
1988	3
1989	3
1990	3
1991	2
1992	3
1993	3
1994	3
1995	3
1996	2
1997	2
1998	3
1999	3
2000	2
2001	2
2002	3
2003	3
2004	1
2005	3
2006	3
2007	3
2008	3
2009	3
2010	3
2011	2
2012	2
2013	1
2014	2
2015	2
2016	2
2017	3
2018	2
2019	3
2020	3
2021	2
2022	3
2023	3
2024	3
2025	2
2026	2
2027	3
2028	3
2029	3
2030	2
2031	3
2032	1
2033	1
2034	2
2035	3
2036	2
2037	3
2038	3
2039	3
2040	1
2041	3
2042	2
2043	3
2044	3
2045	2
2046	2
2047	3
2048	2
2049	3
2050	3
2051	2
2052	2
2053	2
2054	3
2055	1
2056	2
2057	3
2058	3
2059	3
2060	3
2061	3
2062	2
2063	2
2064	3
2065	2
2066	3
2067	2
2068	3
2069	3
2070	3
2071	3
2072	3
2073	2
2074	2
2075	1
2076	2
2077	3
2078	2
2079	2
2080	3
2081	3
2082	3
2083	2
2084	3
2085	3
2086	3
2087	3
2088	1
2089	2
2090	1
2091	3
2092	2
2093	2
2094	3
2095	2
2096	2
2097	2
2098	2
2099	2
2100	3
2101	3
2102	3
2103	2
2104	3
2105	3
2106	3
2107	3
2108	3
2109	1
2110	3
2111	1
2112	3
2113	3
2114	2
2115	2
2116	2
2117	2
2118	2
2119	1
2120	3
2121	3
2122	3
2123	3
2124	3
2125	3
2126	2
2127	3
2128	2
2129	3
2130	2
2131	2
2132	1
2133	3
2134	3
2135	3
2136	3
2137	3
2138	3
2139	3
2140	3
2141	3
2142	2
2143	1
2144	3
2145	2
2146	2
2147	3
2148	2
2149	3
2150	2
2151	2
2152	2
2153	2
2154	2
2155	3
2156	2
2157	3
2158	3
2159	2
2160	3
2161	3
2162	2
2163	2
2164	3
2165	3
2166	1
2167	3
2168	3
2169	2
2170	3
2171	2
2172	2
2173	3
2174	3
2175	3
2176	3
2177	2
2178	3
2179	2
2180	2
2181	1
2182	1
2183	1
2184	2
2185	3
2186	3
2187	2
2188	1
2189	3
2190	1
2191	3
2192	2
2193	2
2194	2
2195	3
2196	3
2197	2
2198	3
2199	2
2200	3
2201	3
2202	3
2203	3
2204	3
2205	2
2206	2
2207	2
2208	3
2209	2
2210	3
2211	2
2212	2
2213	3
2214	3
2215	3
2216	2
2217	2
2218	3
2219	2
2220	3
2221	2
2222	2
2223	3
2224	2
2225	2
2226	3
2227	3
2228	3
2229	2
2230	3
2231	2
2232	3
2233	2
2234	3
2235	2
2236	2
2237	3
2238	2
2239	3
2240	2
2241	3
2242	3
2243	3
2244	3
2245	3
2246	3
2247	3
2248	3
2249	3
2250	3
2251	3
2252	1
2253	2
2254	3
2255	2
2256	3
2257	3
2258	2
2259	3
2260	1
2261	3
2262	2
2263	3
2264	3
2265	2
2266	3
2267	3
2268	3
2269	3
2270	1
2271	2
2272	3
2273	2
2274	3
2275	3
2276	2
2277	2
2278	3
2279	3
2280	2
2281	3
2282	3
2283	2
2284	2
2285	3
2286	2
2287	3
2288	2
2289	2
2290	2
2291	3
2292	2
2293	3
2294	3
2295	2
2296	2
2297	2
2298	2
2299	2
2300	2
2301	3
2302	2
2303	2
2304	3
2305	2
2306	2
2307	3
2308	1
2309	2
2310	3
2311	3
2312	3
2313	2
2314	2
2315	3
2316	3
2317	3
2318	3
2319	3
2320	2
2321	3
2322	2
2323	3
2324	3
2325	1
2326	2
2327	3
2328	1
2329	2
2330	1
2331	3
2332	3
2333	3
2334	3
2335	2
2336	3
2337	3
2338	2
2339	2
2340	3
2341	3
2342	3
2343	2
2344	2
2345	2
2346	2
2347	3
2348	2
2349	2
2350	3
2351	3
2352	2
2353	1
2354	2
2355	3
2356	2
2357	2
2358	2
2359	2
2360	3
2361	2
2362	3
2363	3
2364	3
2365	3
2366	1
2367	2
2368	3
2369	3
2370	1
2371	3
2372	3
2373	2
2374	2
2375	2
2376	3
2377	2
2378	2
2379	3
2380	3
2381	2
2382	3
2383	3
2384	1
2385	3
2386	2
2387	2
2388	2
2389	3
2390	1
2391	3
2392	2
2393	3
2394	3
2395	3
2396	2
2397	3
2398	2
2399	3
2400	3
2401	2
2402	2
2403	2
2404	3
2405	3
2406	3
2407	3
2408	1
2409	3
2410	2
2411	3
2412	3
2413	1
2414	3
2415	3
2416	3
2417	3
2418	3
2419	2
2420	3
2421	1
2422	2
2423	2
2424	3
2425	3
2426	3
2427	3
2428	3
2429	3
2430	3
2431	3
2432	3
2433	3
2434	3
2435	3
2436	3
2437	3
2438	3
2439	2
2440	3
2441	3
2442	3
2443	1
2444	3
2445	2
2446	2
2447	2
2448	3
2449	3
2450	2
2451	3
2452	3
2453	3
2454	3
2455	3
2456	3
2457	2
2458	3
2459	2
2460	1
2461	3
2462	2
2463	2
2464	2
2465	2
2466	3
2467	3
2468	2
2469	3
2470	3
2471	2
2472	2
2473	3
2474	3
2475	1
2476	2
2477	3
2478	3
2479	3
2480	1
2481	1
2482	1
2483	1
2484	3
2485	3
2486	2
2487	3
2488	3
2489	2
2490	3
2491	3
2492	2
2493	3
2494	1
2495	3
2496	2
2497	2
2498	3
2499	3
2500	3
2501	2
2502	3
2503	3
2504	3
2505	3
2506	3
2507	3
2508	3
2509	3
2510	2
2511	3
2512	3
2513	2
2514	3
2515	2
2516	2
2517	3
2518	3
2519	3
2520	3
2521	3
2522	3
2523	2
2524	3
2525	3
2526	1
2527	2
2528	2
2529	3
2530	3
2531	3
2532	3
2533	3
2534	2
2535	2
2536	2
2537	2
2538	2
2539	2
2540	3
2541	3
2542	2
2543	2
2544	2
2545	1
2546	3
2547	2
2548	3
2549	2
2550	2
2551	2
2552	3
2553	2
2554	2
2555	3
2556	2
2557	3
2558	3
2559	2
2560	2
2561	3
2562	3
2563	2
2564	2
2565	3
2566	3
2567	2
2568	3
2569	2
2570	2
2571	3
2572	3
2573	3
2574	2
2575	3
2576	3
2577	2
2578	3
2579	2
2580	3
2581	3
2582	2
2583	3
2584	3
2585	3
2586	3
2587	2
2588	3
2589	2
2590	1
2591	3
2592	3
2593	3
2594	3
2595	2
2596	2
2597	3
2598	3
2599	3
2600	2
2601	3
2602	3
2603	3
2604	2
2605	1
2606	3
2607	2
2608	1
2609	3
2610	1
2611	3
2612	2
2613	3
2614	2
2615	1
2616	2
2617	2
2618	3
2619	3
2620	3
2621	3
2622	3
2623	2
2624	2
2625	3
2626	3
2627	2
2628	2
2629	3
2630	2
2631	3
2632	3
2633	3
2634	3
2635	3
2636	3
2637	2
2638	3
2639	3
2640	3
2641	3
2642	3
2643	2
2644	2
2645	3
2646	3
2647	2
2648	2
2649	3
2650	3
2651	1
2652	3
2653	3
2654	3
2655	2
2656	2
2657	3
2658	3
2659	3
2660	1
2661	3
2662	3
2663	3
2664	3
2665	2
2666	2
2667	3
2668	2
2669	3
2670	2
2671	2
2672	2
2673	2
2674	2
2675	2
2676	2
2677	3
2678	1
2679	3
2680	3
2681	3
2682	3
2683	2
2684	2
2685	2
2686	2
2687	3
2688	3
2689	3
2690	2
2691	2
2692	2
2693	3
2694	2
2695	3
2696	3
2697	3
2698	3
2699	3
2700	3
2701	2
2702	3
2703	2
2704	2
2705	3
2706	1
2707	2
2708	1
2709	2
2710	3
2711	2
2712	3
2713	3
2714	3
2715	2
2716	1
2717	3
2718	3
2719	3
2720	3
2721	2
2722	1
2723	3
2724	3
2725	3
2726	1
2727	2
2728	3
2729	1
2730	3
2731	3
2732	1
2733	3
2734	3
2735	3
2736	3
2737	2
2738	3
2739	3
2740	3
2741	2
2742	2
2743	2
2744	3
2745	3
2746	2
2747	3
2748	1
2749	3
2750	3
2751	2
2752	3
2753	3
2754	3
2755	3
2756	1
2757	2
2758	3
2759	3
2760	3
2761	3
2762	1
2763	3
2764	3
2765	2
2766	2
2767	3
2768	3
2769	3
2770	2
2771	1
2772	2
2773	2
2774	3
2775	1
2776	3
2777	2
2778	3
2779	3
2780	3
2781	3
2782	2
2783	2
2784	3
2785	3
2786	2
2787	1
2788	2
2789	3
2790	3
2791	2
2792	2
2793	3
2794	3
2795	3
2796	2
2797	2
2798	3
2799	2
2800	3
2801	3
2802	2
2803	3
2804	1
2805	3
2806	1
2807	3
2808	2
2809	1
2810	1
2811	2
2812	3
2813	3
2814	1
2815	2
2816	2
2817	3
2818	3
2819	1
2820	3
2821	3
2822	3
2823	3
2824	2
2825	1
2826	3
2827	3
2828	3
2829	3
2830	2
2831	3
2832	2
2833	2
2834	2
2835	2
2836	2
2837	3
2838	3
2839	2
2840	2
2841	2
2842	2
2843	3
2844	3
2845	3
2846	3
2847	3
2848	3
2849	2
2850	3
2851	2
2852	2
2853	3
2854	2
2855	1
2856	2
2857	2
2858	2
2859	2
2860	3
2861	3
2862	3
2863	3
2864	2
2865	1
2866	2
2867	2
2868	3
2869	3
2870	3
2871	2
2872	3
2873	3
2874	2
2875	3
2876	3
2877	2
2878	2
2879	3
2880	3
2881	2
2882	2
2883	3
2884	3
2885	3
2886	2
2887	2
2888	3
2889	3
2890	2
2891	2
2892	3
2893	3
2894	2
2895	3
2896	3
2897	3
2898	2
2899	2
2900	2
2901	3
2902	3
2903	2
2904	3
2905	2
2906	3
2907	3
2908	1
2909	3
2910	2
2911	2
2912	3
2913	3
2914	3
2915	2
2916	2
2917	3
2918	3
2919	2
2920	2
2921	2
2922	3
2923	3
2924	3
2925	1
2926	2
2927	2
2928	3
2929	3
2930	2
2931	3
2932	3
2933	2
2934	3
2935	1
2936	2
2937	3
2938	3
2939	1
2940	2
2941	2
2942	3
2943	2
2944	3
2945	1
2946	2
2947	2
2948	3
2949	3
2950	3
2951	2
2952	3
2953	1
2954	3
2955	2
2956	2
2957	3
2958	2
2959	3
2960	3
2961	2
2962	2
2963	1
2964	3
2965	2
2966	3
2967	1
2968	3
2969	1
2970	2
2971	3
2972	3
2973	3
2974	3
2975	2
2976	3
2977	2
2978	2
2979	2
2980	3
2981	1
2982	3
2983	2
2984	2
2985	2
2986	1
2987	2
2988	2
2989	3
2990	3
2991	2
2992	1
2993	2
2994	3
2995	3
2996	2
2997	1
2998	2
2999	3
3000	3
3001	3
3002	3
3003	1
3004	2
3005	3
3006	3
3007	3
3008	2
3009	3
3010	2
3011	2
3012	2
3013	2
3014	3
3015	1
3016	2
3017	2
3018	3
3019	2
3020	2
3021	3
3022	3
3023	1
3024	2
3025	3
3026	3
3027	2
3028	3
3029	3
3030	3
3031	3
3032	1
3033	3
3034	2
3035	2
3036	3
3037	1
3038	2
3039	3
3040	3
3041	3
3042	2
3043	2
3044	3
3045	3
3046	2
3047	3
3048	3
3049	3
3050	3
3051	3
3052	3
3053	3
3054	2
3055	3
3056	3
3057	3
3058	2
3059	3
3060	3
3061	2
3062	3
3063	3
3064	3
3065	3
3066	2
3067	3
3068	1
3069	3
3070	2
3071	3
3072	2
3073	3
3074	3
3075	1
3076	2
3077	3
3078	3
3079	2
3080	3
3081	3
3082	3
3083	2
3084	3
3085	2
3086	3
3087	2
3088	2
3089	2
3090	3
3091	3
3092	3
3093	3
3094	3
3095	1
3096	1
3097	3
3098	3
3099	1
3100	1
3101	2
3102	3
3103	3
3104	3
3105	3
3106	2
3107	3
3108	3
3109	2
3110	3
3111	3
3112	2
3113	2
3114	3
3115	2
3116	3
3117	3
3118	2
3119	2
3120	3
3121	3
3122	2
3123	2
3124	3
3125	1
3126	3
3127	1
3128	3
3129	2
3130	1
3131	3
3132	3
3133	3
3134	3
3135	3
3136	3
3137	2
3138	3
3139	2
3140	2
3141	3
3142	3
3143	3
3144	1
3145	3
3146	2
3147	3
3148	3
3149	2
3150	2
3151	3
3152	2
3153	3
3154	2
3155	2
3156	3
3157	3
3158	3
3159	3
3160	3
3161	3
3162	3
3163	3
3164	3
3165	1
3166	3
3167	3
3168	2
3169	2
3170	3
3171	3
3172	2
3173	3
3174	3
3175	2
3176	2
3177	2
3178	3
3179	2
3180	3
3181	3
3182	3
3183	3
3184	2
3185	2
3186	3
3187	3
3188	3
3189	3
3190	3
3191	2
3192	2
3193	3
3194	3
3195	2
3196	2
3197	3
3198	3
3199	3
3200	3
3201	2
3202	2
3203	2
3204	3
3205	3
3206	3
3207	3
3208	2
3209	3
3210	2
3211	2
3212	2
3213	3
3214	3
3215	3
3216	3
3217	3
3218	3
3219	2
3220	2
3221	3
3222	3
3223	3
3224	2
3225	2
3226	3
3227	2
3228	3
3229	3
3230	3
3231	2
3232	3
3233	2
3234	2
3235	3
3236	3
3237	3
3238	1
3239	3
3240	3
3241	1
3242	3
3243	2
3244	2
3245	3
3246	3
3247	2
3248	3
3249	3
3250	3
3251	2
3252	3
3253	1
3254	3
3255	2
3256	3
3257	3
3258	2
3259	2
3260	2
3261	3
3262	2
3263	3
3264	3
3265	3
3266	3
3267	2
3268	3
3269	2
3270	2
3271	3
3272	3
3273	3
3274	3
3275	3
3276	3
3277	3
3278	2
3279	3
3280	2
3281	2
3282	1
3283	2
3284	3
3285	1
3286	2
3287	2
3288	2
3289	3
3290	3
3291	2
3292	2
3293	2
3294	3
3295	2
3296	3
3297	3
3298	2
3299	2
3300	1
3301	2
3302	3
3303	3
3304	3
3305	3
3306	2
3307	3
3308	3
3309	3
3310	1
3311	3
3312	3
3313	3
3314	2
3315	2
3316	2
3317	3
3318	2
3319	2
3320	2
3321	3
3322	2
3323	3
3324	3
3325	3
3326	3
3327	3
3328	3
3329	2
3330	3
3331	1
3332	2
3333	1
3334	3
3335	3
3336	3
3337	2
3338	2
3339	2
3340	2
3341	2
3342	3
3343	3
3344	3
3345	3
3346	3
3347	2
3348	2
3349	2
3350	1
3351	2
3352	3
3353	3
3354	3
3355	3
3356	3
3357	3
3358	3
3359	3
3360	2
3361	2
3362	3
3363	3
3364	1
3365	2
3366	2
3367	3
3368	3
3369	3
3370	2
3371	3
3372	2
3373	1
3374	1
3375	2
3376	3
3377	2
3378	3
3379	3
3380	3
3381	2
3382	2
3383	3
3384	3
3385	2
3386	2
3387	3
3388	3
3389	3
3390	3
3391	2
3392	3
3393	2
3394	2
3395	3
3396	3
3397	3
3398	3
3399	1
3400	3
3401	3
3402	1
3403	3
3404	2
3405	3
3406	2
3407	3
3408	2
3409	2
3410	3
3411	3
3412	3
3413	3
3414	2
3415	2
3416	1
3417	3
3418	3
3419	3
3420	2
3421	3
3422	3
3423	2
3424	2
3425	3
3426	3
3427	2
3428	3
3429	3
3430	2
3431	2
3432	2
3433	2
3434	3
3435	3
3436	3
3437	3
3438	2
3439	3
3440	2
3441	3
3442	3
3443	3
3444	2
3445	3
3446	2
3447	3
3448	3
3449	2
3450	3
3451	2
3452	3
3453	2
3454	3
3455	2
3456	3
3457	2
3458	2
3459	2
3460	3
3461	2
3462	3
3463	2
3464	3
3465	2
3466	3
3467	2
3468	2
3469	3
3470	3
3471	3
3472	3
3473	3
3474	3
3475	3
3476	3
3477	2
3478	3
3479	3
3480	3
3481	2
3482	3
3483	2
3484	3
3485	2
3486	2
3487	2
3488	3
3489	2
3490	3
3491	2
3492	3
3493	2
3494	3
3495	3
3496	2
3497	3
3498	1
3499	3
3500	2
3501	3
3502	3
3503	3
3504	1
3505	2
3506	3
3507	3
3508	3
3509	1
3510	1
3511	2
3512	3
3513	2
3514	1
3515	3
3516	3
3517	2
3518	3
3519	3
3520	2
3521	3
3522	3
3523	1
3524	2
3525	3
3526	2
3527	3
3528	2
3529	2
3530	2
3531	3
3532	1
3533	1
3534	2
3535	2
3536	2
3537	3
3538	3
3539	3
3540	3
3541	2
3542	3
3543	1
3544	1
3545	3
3546	2
3547	3
3548	2
3549	2
3550	2
3551	3
3552	3
3553	3
3554	3
3555	2
3556	2
3557	3
3558	2
3559	3
3560	3
3561	3
3562	2
3563	2
3564	3
3565	3
3566	3
3567	3
3568	2
3569	3
3570	3
3571	2
3572	2
3573	3
3574	3
3575	2
3576	3
3577	2
3578	3
3579	3
3580	3
3581	2
3582	3
3583	2
3584	3
3585	2
3586	2
3587	3
3588	3
3589	2
3590	3
3591	3
3592	2
3593	2
3594	2
3595	3
3596	3
3597	3
3598	2
3599	3
3600	3
3601	3
3602	1
3603	2
3604	2
3605	2
3606	2
3607	3
3608	3
3609	3
3610	3
3611	3
3612	3
3613	3
3614	3
3615	2
3616	2
3617	1
3618	2
3619	2
3620	2
3621	3
3622	3
3623	2
3624	2
3625	1
3626	3
3627	1
3628	3
3629	2
3630	2
3631	1
3632	3
3633	2
3634	2
3635	2
3636	2
3637	3
3638	3
3639	3
3640	2
3641	2
3642	1
3643	2
3644	2
3645	3
3646	2
3647	3
3648	3
3649	2
3650	2
3651	3
3652	2
3653	3
3654	1
3655	1
3656	3
3657	3
3658	2
3659	3
3660	3
3661	2
3662	3
3663	3
3664	2
3665	2
3666	3
3667	3
3668	2
3669	3
3670	3
3671	2
3672	1
3673	1
3674	2
3675	1
3676	2
3677	3
3678	1
3679	3
3680	2
3681	2
3682	3
3683	3
3684	2
3685	3
3686	3
3687	3
3688	2
3689	3
3690	2
3691	3
3692	1
3693	3
3694	2
3695	1
3696	2
3697	3
3698	3
3699	3
3700	3
3701	3
3702	2
3703	3
3704	2
3705	3
3706	3
3707	2
3708	2
3709	2
3710	3
3711	1
3712	2
3713	3
3714	3
3715	3
3716	3
3717	3
3718	1
3719	2
3720	3
3721	2
3722	3
3723	3
3724	2
3725	2
3726	3
3727	3
3728	3
3729	3
3730	3
3731	2
3732	3
3733	3
3734	3
3735	3
3736	2
3737	3
3738	3
3739	2
3740	3
3741	2
3742	1
3743	3
3744	2
3745	3
3746	3
3747	3
3748	2
3749	3
3750	3
3751	1
3752	2
3753	2
3754	3
3755	3
3756	3
3757	3
3758	2
3759	3
3760	2
3761	3
3762	2
3763	2
3764	1
3765	1
3766	2
3767	3
3768	1
3769	2
3770	2
3771	2
3772	2
3773	3
3774	2
3775	2
3776	3
3777	3
3778	3
3779	3
3780	2
3781	2
3782	3
3783	3
3784	2
3785	1
3786	3
3787	3
3788	2
3789	1
3790	2
3791	3
3792	2
3793	2
3794	3
3795	3
3796	2
3797	2
3798	3
3799	3
3800	3
3801	2
3802	1
3803	3
3804	3
3805	2
3806	3
3807	3
3808	3
3809	2
3810	2
3811	1
3812	3
3813	3
3814	3
3815	1
3816	3
3817	2
3818	3
3819	3
3820	2
3821	3
3822	3
3823	3
3824	1
3825	3
3826	3
3827	3
3828	2
3829	3
3830	1
3831	2
3832	3
3833	3
3834	3
3835	3
3836	2
3837	1
3838	3
3839	2
3840	3
3841	2
3842	3
3843	3
3844	3
3845	3
3846	2
3847	2
3848	2
3849	3
3850	3
3851	2
3852	2
3853	3
3854	2
3855	3
3856	2
3857	1
3858	2
3859	3
3860	3
3861	3
3862	3
3863	3
3864	3
3865	3
3866	2
3867	2
3868	3
3869	3
3870	1
3871	2
3872	1
3873	2
3874	2
3875	2
3876	3
3877	2
3878	3
3879	3
3880	2
3881	3
3882	3
3883	2
3884	3
3885	2
3886	2
3887	2
3888	3
3889	1
3890	3
3891	3
3892	3
3893	2
3894	3
3895	3
3896	3
3897	3
3898	1
3899	3
3900	3
3901	3
3902	2
3903	3
3904	2
3905	2
3906	1
3907	3
3908	3
3909	3
3910	3
3911	3
3912	2
3913	3
3914	3
3915	3
3916	2
3917	3
3918	1
3919	3
3920	3
3921	3
3922	3
3923	2
3924	2
3925	3
3926	2
3927	3
3928	3
3929	3
3930	3
3931	3
3932	3
3933	1
3934	2
3935	3
3936	2
3937	3
3938	3
3939	2
3940	2
3941	3
3942	1
3943	3
3944	3
3945	3
3946	3
3947	3
3948	2
3949	2
3950	2
3951	3
3952	2
3953	2
3954	3
3955	3
3956	1
3957	2
3958	1
3959	3
3960	3
3961	1
3962	3
3963	3
3964	3
3965	3
3966	3
3967	2
3968	3
3969	3
3970	3
3971	3
3972	2
3973	2
3974	1
3975	2
3976	1
3977	2
3978	3
3979	2
3980	3
3981	2
3982	2
3983	3
3984	3
3985	2
3986	3
3987	3
3988	2
3989	3
3990	2
3991	3
3992	3
3993	3
3994	3
3995	3
3996	3
3997	2
3998	3
3999	2
4000	3
4001	2
4002	2
4003	3
4004	3
4005	3
4006	3
4007	3
4008	2
4009	2
4010	2
4011	2
4012	3
4013	2
4014	3
4015	3
4016	3
4017	2
4018	3
4019	2
4020	3
4021	2
4022	1
4023	2
4024	3
4025	3
4026	3
4027	3
4028	3
4029	2
4030	3
4031	3
4032	2
4033	2
4034	3
4035	3
4036	2
4037	3
4038	3
4039	3
4040	3
4041	2
4042	3
4043	3
4044	3
4045	2
4046	2
4047	3
4048	2
4049	3
4050	2
4051	1
4052	3
4053	3
4054	1
4055	2
4056	3
4057	3
4058	2
4059	3
4060	3
4061	3
4062	2
4063	1
4064	2
4065	3
4066	2
4067	3
4068	3
4069	3
4070	3
4071	3
4072	2
4073	2
4074	2
4075	2
4076	3
4077	3
4078	2
4079	3
4080	3
4081	2
4082	2
4083	3
4084	3
4085	1
4086	3
4087	3
4088	3
4089	3
4090	2
4091	2
4092	2
4093	3
4094	3
4095	3
4096	3
4097	3
4098	3
4099	3
4100	1
4101	3
4102	3
4103	3
4104	2
4105	3
4106	3
4107	1
4108	3
4109	3
4110	3
4111	3
4112	3
4113	3
4114	3
4115	3
4116	3
4117	2
4118	3
4119	3
4120	3
4121	3
4122	3
4123	3
4124	3
4125	2
4126	3
4127	3
4128	3
4129	2
4130	2
4131	3
4132	3
4133	3
4134	2
4135	2
4136	3
4137	3
4138	2
4139	2
4140	2
4141	2
4142	3
4143	3
4144	3
4145	3
4146	3
4147	3
4148	3
4149	3
4150	2
4151	2
4152	2
4153	3
4154	3
4155	3
4156	2
4157	2
4158	3
4159	3
4160	3
4161	1
4162	2
4163	2
4164	3
4165	2
4166	2
4167	2
4168	3
4169	3
4170	2
4171	3
4172	2
4173	2
4174	3
4175	3
4176	2
4177	2
4178	3
4179	3
4180	2
4181	2
4182	2
4183	2
4184	3
4185	2
4186	3
4187	3
4188	3
4189	3
4190	1
4191	2
4192	3
4193	3
4194	3
4195	2
4196	2
4197	3
4198	1
4199	3
4200	1
4201	3
4202	2
4203	2
4204	3
4205	1
4206	2
4207	2
4208	3
4209	2
4210	2
4211	3
4212	3
4213	2
4214	2
4215	3
4216	3
4217	3
4218	2
4219	3
4220	3
4221	3
4222	1
4223	2
4224	3
4225	1
4226	3
4227	3
4228	3
4229	2
4230	1
4231	2
4232	2
4233	3
4234	3
4235	2
4236	1
4237	3
4238	3
4239	2
4240	3
4241	2
4242	3
4243	3
4244	2
4245	3
4246	3
4247	2
4248	3
4249	3
4250	3
4251	3
4252	3
4253	3
4254	2
4255	1
4256	3
4257	2
4258	3
4259	2
4260	2
4261	2
4262	1
4263	1
4264	3
4265	2
4266	3
4267	3
4268	2
4269	2
4270	2
4271	2
4272	3
4273	2
4274	3
4275	3
4276	2
4277	3
4278	1
4279	3
4280	2
4281	2
4282	3
4283	2
4284	3
4285	3
4286	3
4287	3
4288	3
4289	3
4290	2
4291	2
4292	3
4293	3
4294	2
4295	2
4296	3
4297	2
4298	3
4299	2
4300	3
4301	2
4302	3
4303	2
4304	3
4305	3
4306	3
4307	1
4308	2
4309	3
4310	2
4311	3
4312	2
4313	3
4314	3
4315	2
4316	3
4317	1
4318	3
4319	2
4320	3
4321	2
4322	3
4323	2
4324	2
4325	3
4326	3
4327	2
4328	2
4329	2
4330	3
4331	3
4332	3
4333	2
4334	2
4335	3
4336	3
4337	3
4338	3
4339	2
4340	3
4341	1
4342	3
4343	1
4344	2
4345	2
4346	3
4347	3
4348	1
4349	2
4350	2
4351	3
4352	2
4353	3
4354	3
4355	3
4356	3
4357	3
4358	2
4359	3
4360	3
4361	3
4362	2
4363	1
4364	3
4365	2
4366	2
4367	2
4368	2
4369	2
4370	3
4371	3
4372	3
4373	3
4374	2
4375	2
4376	2
4377	3
4378	3
4379	3
4380	3
4381	2
4382	3
4383	3
4384	3
4385	3
4386	2
4387	3
4388	3
4389	3
4390	3
4391	3
4392	3
4393	2
4394	3
4395	3
4396	3
4397	3
4398	3
4399	2
4400	3
4401	2
4402	3
4403	2
4404	3
4405	3
4406	3
4407	2
4408	3
4409	2
4410	3
4411	3
4412	2
4413	3
4414	3
4415	1
4416	2
4417	3
4418	3
4419	2
4420	2
4421	2
4422	1
4423	2
4424	3
4425	3
4426	3
4427	3
4428	2
4429	3
4430	2
4431	3
4432	1
4433	3
4434	2
4435	2
4436	3
4437	3
4438	3
4439	2
4440	3
4441	3
4442	3
4443	2
4444	3
4445	3
4446	3
4447	2
4448	3
4449	2
4450	3
4451	3
4452	3
4453	3
4454	3
4455	2
4456	1
4457	3
4458	2
4459	3
4460	3
4461	2
4462	2
4463	3
4464	3
4465	3
4466	2
4467	1
4468	2
4469	2
4470	3
4471	3
4472	3
4473	3
4474	2
4475	2
4476	3
4477	3
4478	3
4479	2
4480	3
4481	1
4482	3
4483	3
4484	2
4485	3
4486	2
4487	3
4488	3
4489	3
4490	3
4491	3
4492	3
4493	3
4494	3
4495	2
4496	3
4497	3
4498	3
4499	3
4500	2
4501	3
4502	2
4503	2
4504	3
4505	2
4506	3
4507	2
4508	2
4509	2
4510	3
4511	3
4512	2
4513	3
4514	3
4515	3
4516	2
4517	3
4518	2
4519	2
4520	3
4521	2
4522	3
4523	1
4524	1
4525	2
4526	2
4527	1
4528	2
4529	3
4530	2
4531	1
4532	2
4533	3
4534	3
4535	2
4536	3
4537	2
4538	3
4539	1
4540	2
4541	3
4542	2
4543	3
4544	2
4545	3
4546	2
4547	2
4548	1
4549	3
4550	3
4551	1
4552	1
4553	3
4554	2
4555	3
4556	2
4557	2
4558	2
4559	3
4560	3
4561	3
4562	3
4563	3
4564	3
4565	3
4566	2
4567	3
4568	3
4569	3
4570	3
4571	2
4572	3
4573	2
4574	3
4575	2
4576	2
4577	1
4578	2
4579	3
4580	3
4581	1
4582	3
4583	2
4584	2
4585	3
4586	3
4587	2
4588	3
4589	3
4590	3
4591	3
4592	3
4593	3
4594	2
4595	3
4596	3
4597	3
4598	3
4599	3
4600	3
4601	3
4602	2
4603	3
4604	2
4605	2
4606	3
4607	3
4608	2
4609	2
4610	2
4611	2
4612	2
4613	3
4614	3
4615	2
4616	3
4617	3
4618	3
4619	2
4620	2
4621	1
4622	3
4623	2
4624	3
4625	3
4626	3
4627	2
4628	2
4629	2
4630	3
4631	3
4632	3
4633	1
4634	2
4635	3
4636	2
4637	3
4638	3
4639	3
4640	3
4641	2
4642	3
4643	2
4644	2
4645	3
4646	3
4647	1
4648	3
4649	3
4650	2
4651	3
4652	2
4653	1
4654	3
4655	3
4656	3
4657	2
4658	3
4659	2
4660	1
4661	3
4662	3
4663	2
4664	1
4665	2
4666	3
4667	1
4668	3
4669	3
4670	3
4671	3
4672	3
4673	3
4674	2
4675	3
4676	3
4677	3
4678	2
4679	3
4680	2
4681	2
4682	3
4683	2
4684	1
4685	3
4686	2
4687	3
4688	3
4689	2
4690	2
4691	3
4692	3
4693	2
4694	2
4695	3
4696	3
4697	2
4698	3
4699	3
4700	2
4701	3
4702	3
4703	1
4704	2
4705	2
4706	2
4707	2
4708	3
4709	3
4710	1
4711	3
4712	2
4713	3
4714	1
4715	2
4716	3
4717	1
4718	3
4719	3
4720	3
4721	3
4722	3
4723	2
4724	3
4725	3
4726	2
4727	2
4728	2
4729	1
4730	3
4731	3
4732	3
4733	2
4734	2
4735	1
4736	3
4737	3
4738	1
4739	3
4740	2
4741	3
4742	3
4743	3
4744	3
4745	3
4746	2
4747	2
4748	3
4749	1
4750	3
4751	3
4752	2
4753	1
4754	2
4755	3
4756	2
4757	2
4758	2
4759	2
4760	1
4761	3
4762	2
4763	3
4764	2
4765	3
4766	2
4767	3
4768	2
4769	2
4770	3
4771	2
4772	3
4773	3
4774	3
4775	2
4776	3
4777	1
4778	3
4779	3
4780	3
4781	3
4782	2
4783	3
4784	1
4785	3
4786	3
4787	3
4788	2
4789	3
4790	3
4791	3
4792	3
4793	3
4794	3
4795	3
4796	3
4797	3
4798	3
4799	3
4800	2
4801	1
4802	2
4803	2
4804	2
4805	3
4806	3
4807	3
4808	2
4809	1
4810	2
4811	3
4812	3
4813	3
4814	3
4815	3
4816	3
4817	3
4818	3
4819	3
4820	3
4821	2
4822	1
4823	3
4824	3
4825	3
4826	3
4827	3
4828	3
4829	2
4830	3
4831	2
4832	1
4833	3
4834	3
4835	2
4836	1
4837	3
4838	3
4839	3
4840	3
4841	2
4842	3
4843	3
4844	3
4845	2
4846	1
4847	3
4848	2
4849	2
4850	3
4851	2
4852	3
4853	2
4854	3
4855	1
4856	2
4857	3
4858	3
4859	3
4860	3
4861	2
4862	2
4863	2
4864	3
4865	3
4866	3
4867	3
4868	3
4869	2
4870	2
4871	3
4872	3
4873	2
4874	3
4875	2
4876	2
4877	2
4878	2
4879	2
4880	3
4881	2
4882	3
4883	2
4884	3
4885	2
4886	3
4887	3
4888	2
4889	2
4890	3
4891	2
4892	3
4893	3
4894	2
4895	3
4896	3
4897	1
4898	3
4899	3
4900	3
4901	3
4902	2
4903	3
4904	3
4905	3
4906	3
4907	3
4908	2
4909	3
4910	3
4911	3
4912	3
4913	3
4914	3
4915	3
4916	2
4917	3
4918	2
4919	2
4920	3
4921	2
4922	3
4923	3
4924	3
4925	3
4926	2
4927	2
4928	3
4929	2
4930	3
4931	3
4932	3
4933	3
4934	3
4935	2
4936	3
4937	2
4938	2
4939	1
4940	3
4941	3
4942	1
4943	3
4944	3
4945	1
4946	2
4947	2
4948	2
4949	3
4950	2
4951	2
4952	2
4953	2
4954	3
4955	3
4956	2
4957	1
4958	2
4959	3
4960	3
4961	2
4962	2
4963	3
4964	3
4965	3
4966	3
4967	2
4968	3
4969	3
4970	3
4971	3
4972	2
4973	3
4974	1
4975	3
4976	3
4977	2
4978	2
4979	2
4980	3
4981	3
4982	1
4983	2
4984	3
4985	3
4986	3
4987	3
4988	2
4989	3
4990	1
4991	3
4992	3
4993	1
4994	3
4995	3
4996	3
4997	3
4998	3
4999	2
5000	3
5001	2
5002	2
5003	2
5004	2
5005	3
5006	2
5007	3
5008	3
5009	2
5010	3
5011	3
5012	2
5013	2
5014	3
5015	3
5016	3
5017	2
5018	2
5019	2
5020	2
5021	2
5022	3
5023	2
5024	2
5025	3
5026	3
5027	3
5028	3
5029	2
5030	3
5031	2
5032	1
5033	2
5034	2
5035	3
5036	2
5037	3
5038	3
5039	2
5040	3
5041	3
5042	3
5043	3
5044	1
5045	3
5046	3
5047	2
5048	1
5049	1
5050	2
5051	3
5052	3
5053	2
5054	3
5055	2
5056	3
5057	2
5058	2
5059	3
5060	3
5061	3
5062	2
5063	2
5064	2
5065	2
5066	2
5067	3
5068	3
5069	2
5070	2
5071	2
5072	3
5073	2
5074	2
5075	3
5076	2
5077	2
5078	3
5079	1
5080	2
5081	1
5082	3
5083	3
5084	2
5085	2
5086	1
5087	3
5088	2
5089	2
5090	3
5091	2
5092	3
5093	2
5094	2
5095	3
5096	3
5097	3
5098	3
5099	3
5100	2
5101	2
5102	3
5103	3
5104	2
5105	2
5106	2
5107	3
5108	3
5109	3
5110	3
5111	1
5112	2
5113	3
5114	3
5115	2
5116	2
5117	3
5118	2
5119	2
5120	2
5121	2
5122	2
5123	3
5124	2
5125	2
5126	3
5127	3
5128	3
5129	3
5130	2
5131	3
5132	2
5133	2
5134	3
5135	2
5136	3
5137	3
5138	2
5139	2
5140	3
5141	3
5142	2
5143	2
5144	3
5145	2
5146	3
5147	3
5148	2
5149	3
5150	3
5151	2
5152	2
5153	2
5154	1
5155	2
5156	1
5157	3
5158	3
5159	2
5160	3
5161	2
5162	3
5163	1
5164	2
5165	3
5166	3
5167	3
5168	3
5169	2
5170	3
5171	3
5172	2
5173	2
5174	2
5175	2
5176	3
5177	3
5178	1
5179	2
5180	2
5181	3
5182	2
5183	2
5184	3
5185	3
5186	3
5187	2
5188	2
5189	3
5190	3
5191	1
5192	2
5193	2
5194	2
5195	2
5196	3
5197	3
5198	2
5199	2
5200	3
5201	3
5202	2
5203	3
5204	3
5205	3
5206	1
5207	2
5208	3
5209	2
5210	3
5211	2
5212	3
5213	3
5214	3
5215	3
5216	2
5217	3
5218	2
5219	3
5220	3
5221	3
5222	3
5223	1
5224	2
5225	3
5226	3
5227	2
5228	3
5229	2
5230	2
5231	3
5232	3
5233	3
5234	3
5235	3
5236	2
5237	3
5238	3
5239	2
5240	2
5241	1
5242	2
5243	2
5244	3
5245	2
5246	2
5247	3
5248	3
5249	3
5250	3
5251	3
5252	2
5253	3
5254	2
5255	3
5256	3
5257	2
5258	3
5259	3
5260	2
5261	1
5262	2
5263	3
5264	3
5265	2
5266	2
5267	3
5268	3
5269	3
5270	3
5271	3
5272	2
5273	2
5274	3
5275	1
5276	3
5277	3
5278	2
5279	3
5280	3
5281	3
5282	3
5283	2
5284	2
5285	3
5286	3
5287	1
5288	2
5289	3
5290	3
5291	3
5292	2
5293	3
5294	3
5295	2
5296	3
5297	3
5298	2
5299	2
5300	3
5301	3
5302	3
5303	3
5304	2
5305	2
5306	3
5307	3
5308	3
5309	1
5310	3
5311	1
5312	2
5313	3
5314	3
5315	3
5316	2
5317	3
5318	3
5319	3
5320	3
5321	3
5322	2
5323	3
5324	2
5325	3
5326	3
5327	3
5328	2
5329	2
5330	2
5331	3
5332	3
5333	2
5334	3
5335	3
5336	2
5337	3
5338	3
5339	2
5340	3
5341	2
5342	3
5343	3
5344	2
5345	3
5346	3
5347	3
5348	2
5349	3
5350	2
5351	2
5352	3
5353	3
5354	3
5355	2
5356	3
5357	2
5358	2
5359	3
5360	2
5361	2
5362	3
5363	2
5364	2
5365	3
5366	3
5367	3
5368	3
5369	2
5370	3
5371	2
5372	2
5373	3
5374	3
5375	1
5376	2
5377	3
5378	3
5379	3
5380	3
5381	3
5382	3
5383	3
5384	3
5385	3
5386	2
5387	3
5388	3
5389	2
5390	1
5391	1
5392	3
5393	3
5394	2
5395	3
5396	3
5397	2
5398	2
5399	3
5400	2
5401	3
5402	3
5403	3
5404	3
5405	2
5406	3
5407	2
5408	3
5409	3
5410	3
5411	3
5412	3
5413	2
5414	3
5415	2
5416	2
5417	3
5418	3
5419	3
5420	1
5421	2
5422	3
5423	3
5424	3
5425	2
5426	3
5427	2
5428	2
5429	3
5430	2
5431	3
5432	2
5433	2
5434	1
5435	2
5436	1
5437	2
5438	3
5439	3
5440	3
5441	3
5442	2
5443	3
5444	2
5445	3
5446	2
5447	3
5448	3
5449	2
5450	3
5451	3
5452	3
5453	3
5454	3
5455	3
5456	2
5457	3
5458	3
5459	3
5460	2
5461	2
5462	2
5463	2
5464	3
5465	3
5466	3
5467	2
5468	3
5469	3
5470	3
5471	2
5472	2
5473	2
5474	2
5475	2
5476	2
5477	3
5478	1
5479	2
5480	3
5481	3
5482	2
5483	2
5484	2
5485	3
5486	3
5487	3
5488	2
5489	3
5490	3
5491	3
5492	2
5493	2
5494	2
5495	2
5496	1
5497	3
5498	3
5499	2
5500	2
5501	3
5502	2
5503	3
5504	2
5505	3
5506	3
5507	3
5508	2
5509	1
5510	3
5511	2
5512	2
5513	2
5514	2
5515	3
5516	2
5517	3
5518	2
5519	2
5520	3
5521	3
5522	3
5523	3
5524	3
5525	3
5526	3
5527	2
5528	3
5529	3
5530	3
5531	3
5532	1
5533	3
5534	2
5535	3
5536	3
5537	2
5538	3
5539	2
5540	3
5541	2
5542	3
5543	2
5544	3
5545	3
5546	1
5547	2
5548	3
5549	2
5550	2
5551	2
5552	3
5553	2
5554	3
5555	3
5556	2
5557	3
5558	2
5559	2
5560	2
5561	2
5562	3
5563	3
5564	2
5565	3
5566	3
5567	2
5568	1
5569	3
5570	3
5571	2
5572	3
5573	2
5574	2
5575	3
5576	3
5577	2
5578	1
5579	2
5580	2
5581	3
5582	3
5583	3
5584	3
5585	2
5586	2
5587	3
5588	3
5589	2
5590	3
5591	2
5592	3
5593	3
5594	2
5595	3
5596	2
5597	3
5598	2
5599	3
5600	3
5601	3
5602	2
5603	2
5604	3
5605	3
5606	2
5607	3
5608	3
5609	3
5610	3
5611	3
5612	3
5613	3
5614	3
5615	2
5616	3
5617	3
5618	2
5619	2
5620	2
5621	1
5622	3
5623	3
5624	2
5625	3
5626	3
5627	3
5628	2
5629	3
5630	2
5631	3
5632	1
5633	2
5634	1
5635	3
5636	3
5637	2
5638	2
5639	2
5640	3
5641	1
5642	2
5643	3
5644	3
5645	3
5646	3
5647	3
5648	1
5649	2
5650	2
5651	3
5652	2
5653	3
5654	3
5655	3
5656	3
5657	3
5658	2
5659	3
5660	2
5661	1
5662	3
5663	3
5664	3
5665	3
5666	3
5667	2
5668	3
5669	1
5670	3
5671	3
5672	2
5673	3
5674	2
5675	3
5676	2
5677	2
5678	3
5679	2
5680	3
5681	2
5682	2
5683	2
5684	3
5685	2
5686	3
5687	3
5688	2
5689	1
5690	3
5691	3
5692	2
5693	3
5694	2
5695	3
5696	2
5697	2
5698	3
5699	3
5700	3
5701	3
5702	2
5703	2
5704	3
5705	2
5706	3
5707	2
5708	3
5709	3
5710	3
5711	3
5712	2
5713	3
5714	1
5715	2
5716	3
5717	3
5718	2
5719	2
5720	2
5721	1
5722	3
5723	3
5724	2
5725	2
5726	2
5727	3
5728	2
5729	3
5730	2
5731	3
5732	2
5733	1
5734	1
5735	3
5736	3
5737	3
5738	3
5739	3
5740	3
5741	3
5742	3
5743	3
5744	3
5745	3
5746	2
5747	3
5748	3
5749	3
5750	3
5751	2
5752	2
5753	3
5754	2
5755	2
5756	3
5757	2
5758	3
5759	2
5760	2
5761	3
5762	2
5763	1
5764	3
5765	2
5766	2
5767	2
5768	2
5769	3
5770	2
5771	3
5772	3
5773	2
5774	3
5775	3
5776	3
5777	2
5778	3
5779	1
5780	3
5781	3
5782	3
5783	3
5784	2
5785	3
5786	2
5787	1
5788	3
5789	1
5790	2
5791	1
5792	3
5793	3
5794	3
5795	3
5796	3
5797	2
5798	3
5799	3
5800	2
5801	3
5802	3
5803	3
5804	3
5805	2
5806	2
5807	3
5808	3
5809	3
5810	3
5811	2
5812	3
5813	3
5814	2
5815	3
5816	3
5817	3
5818	3
5819	2
5820	2
5821	3
5822	2
5823	2
5824	3
5825	2
5826	3
5827	1
5828	3
5829	3
5830	3
5831	3
5832	1
5833	1
5834	3
5835	1
5836	3
5837	3
5838	3
5839	2
5840	1
5841	3
5842	3
5843	2
5844	3
5845	2
5846	3
5847	1
5848	3
5849	1
5850	3
5851	2
5852	3
5853	3
5854	3
5855	3
5856	3
5857	3
5858	3
5859	2
5860	2
5861	3
5862	3
5863	3
5864	3
5865	3
5866	3
5867	3
5868	2
5869	3
5870	3
5871	2
5872	3
5873	3
5874	3
5875	3
5876	2
5877	1
5878	2
5879	2
5880	3
5881	3
5882	3
5883	3
5884	3
5885	3
5886	2
5887	1
5888	3
5889	3
5890	3
5891	2
5892	3
5893	3
5894	3
5895	3
5896	3
5897	3
5898	3
5899	3
5900	2
5901	2
5902	3
5903	3
5904	2
5905	3
5906	2
5907	2
5908	3
5909	3
5910	3
5911	2
5912	2
5913	2
5914	3
5915	1
5916	2
5917	3
5918	2
5919	1
5920	3
5921	3
5922	3
5923	3
5924	2
5925	3
5926	3
5927	3
5928	3
5929	2
5930	3
5931	3
5932	2
5933	2
5934	3
5935	1
5936	2
5937	3
5938	2
5939	2
5940	3
5941	2
5942	1
5943	3
5944	2
5945	3
5946	3
5947	1
5948	3
5949	1
5950	3
5951	3
5952	3
5953	3
5954	2
5955	3
5956	2
5957	3
5958	3
5959	3
5960	2
5961	3
5962	3
5963	1
5964	2
5965	3
5966	3
5967	2
5968	3
5969	2
5970	2
5971	2
5972	3
5973	2
5974	2
5975	2
5976	2
5977	2
5978	3
5979	3
5980	3
5981	3
5982	3
5983	3
5984	2
5985	3
5986	2
5987	3
5988	3
5989	1
5990	3
5991	2
5992	2
5993	2
5994	2
5995	3
5996	2
5997	3
5998	2
5999	1
6000	3
6001	3
6002	2
6003	2
6004	2
6005	3
6006	1
6007	3
6008	3
6009	2
6010	2
6011	3
6012	2
6013	1
6014	3
6015	3
6016	3
6017	2
6018	2
6019	2
6020	3
6021	2
6022	3
6023	2
6024	2
6025	2
6026	3
6027	2
6028	3
6029	3
6030	3
6031	2
6032	3
6033	3
6034	2
6035	3
6036	2
6037	3
6038	2
6039	2
6040	2
6041	3
6042	2
6043	1
6044	2
6045	3
6046	3
6047	3
6048	3
6049	2
6050	3
6051	3
6052	3
6053	2
6054	2
6055	2
6056	2
6057	3
6058	2
6059	1
6060	3
6061	3
6062	2
6063	2
6064	2
6065	2
6066	3
6067	2
6068	3
6069	2
6070	1
6071	2
6072	3
6073	2
6074	3
6075	3
6076	1
6077	2
6078	1
6079	3
6080	2
6081	2
6082	2
6083	3
6084	3
6085	3
6086	3
6087	2
6088	3
6089	1
6090	2
6091	3
6092	3
6093	2
6094	3
6095	3
6096	3
6097	3
6098	2
6099	1
6100	3
6101	2
6102	3
6103	3
6104	3
6105	2
6106	3
6107	3
6108	3
6109	3
6110	2
6111	2
6112	3
6113	3
6114	3
6115	3
6116	3
6117	2
6118	2
6119	2
6120	3
6121	3
6122	3
6123	3
6124	3
6125	3
6126	3
6127	3
6128	2
6129	3
6130	1
6131	1
6132	3
6133	2
6134	3
6135	3
6136	2
6137	3
6138	2
6139	2
6140	3
6141	3
6142	3
6143	2
6144	3
6145	3
6146	3
6147	3
6148	3
6149	2
6150	2
6151	3
6152	1
6153	3
6154	2
6155	3
6156	2
6157	2
6158	3
6159	3
6160	2
6161	3
6162	3
6163	3
6164	2
6165	3
6166	3
6167	2
6168	2
6169	1
6170	3
6171	3
6172	3
6173	3
6174	3
6175	3
6176	2
6177	3
6178	3
6179	3
6180	3
6181	3
6182	3
6183	3
6184	3
6185	3
6186	2
6187	2
6188	3
6189	3
6190	1
6191	2
6192	2
6193	1
6194	2
6195	2
6196	2
6197	2
6198	3
6199	2
6200	2
6201	1
6202	2
6203	3
6204	3
6205	3
6206	3
6207	3
6208	1
6209	1
6210	3
6211	3
6212	2
6213	2
6214	3
6215	2
6216	2
6217	2
6218	3
6219	2
6220	3
6221	3
6222	2
6223	3
6224	3
6225	2
6226	3
6227	3
6228	2
6229	2
6230	2
6231	2
6232	3
6233	2
6234	1
6235	2
6236	1
6237	3
6238	3
6239	3
6240	2
6241	3
6242	3
6243	2
6244	2
6245	3
6246	3
6247	2
6248	3
6249	2
6250	3
6251	3
6252	3
6253	2
6254	3
6255	3
6256	3
6257	3
6258	2
6259	2
6260	2
6261	3
6262	1
6263	3
6264	3
6265	3
6266	3
6267	2
6268	3
6269	2
6270	2
6271	2
6272	1
6273	3
6274	3
6275	3
6276	2
6277	3
6278	3
6279	3
6280	3
6281	2
6282	2
6283	2
6284	2
6285	3
6286	3
6287	3
6288	3
6289	2
6290	2
6291	3
6292	2
6293	3
6294	3
6295	3
6296	2
6297	3
6298	3
6299	2
6300	2
6301	3
6302	3
6303	3
6304	2
6305	3
6306	3
6307	3
6308	2
6309	2
6310	3
6311	3
6312	3
6313	3
6314	3
6315	2
6316	3
6317	2
6318	3
6319	3
6320	3
6321	2
6322	1
6323	2
6324	3
6325	2
6326	3
6327	3
6328	3
6329	1
6330	2
6331	3
6332	1
6333	2
6334	3
6335	3
6336	3
6337	3
6338	2
6339	2
6340	3
6341	2
6342	2
6343	2
6344	3
6345	3
6346	2
6347	3
6348	3
6349	2
6350	1
6351	3
6352	2
6353	2
6354	2
6355	2
6356	3
6357	2
6358	2
6359	3
6360	2
6361	1
6362	2
6363	2
6364	3
6365	3
6366	1
6367	2
6368	3
6369	3
6370	3
6371	2
6372	2
6373	3
6374	3
6375	2
6376	1
6377	3
6378	2
6379	3
6380	3
6381	3
6382	3
6383	3
6384	3
6385	1
6386	2
6387	3
6388	2
6389	2
6390	3
6391	3
6392	3
6393	3
6394	3
6395	3
6396	3
6397	2
6398	3
6399	2
6400	2
6401	2
6402	2
6403	3
6404	2
6405	3
6406	2
6407	3
6408	2
6409	2
6410	2
6411	2
6412	2
6413	3
6414	2
6415	2
6416	3
6417	3
6418	2
6419	3
6420	2
6421	3
6422	3
6423	3
6424	3
6425	3
6426	1
6427	3
6428	2
6429	3
6430	3
6431	3
6432	2
6433	3
6434	2
6435	3
6436	2
6437	3
6438	3
6439	3
6440	2
6441	3
6442	1
6443	1
6444	3
6445	3
6446	3
6447	3
6448	3
6449	3
6450	3
6451	3
6452	2
6453	3
6454	2
6455	2
6456	3
6457	2
6458	3
6459	3
6460	2
6461	2
6462	2
6463	3
6464	2
6465	1
6466	3
6467	3
6468	3
6469	2
6470	2
6471	3
6472	3
6473	3
6474	3
6475	3
6476	2
6477	2
6478	2
6479	2
6480	2
6481	2
6482	2
6483	3
6484	3
6485	3
6486	3
6487	2
6488	3
6489	3
6490	1
6491	3
6492	3
6493	3
6494	3
6495	3
6496	3
6497	2
6498	2
6499	2
6500	1
6501	3
6502	1
6503	2
6504	3
6505	2
6506	3
6507	3
6508	2
6509	3
6510	3
6511	3
6512	3
6513	3
6514	2
6515	2
6516	2
6517	3
6518	3
6519	2
6520	2
6521	3
6522	2
6523	3
6524	3
6525	2
6526	3
6527	2
6528	2
6529	1
6530	3
6531	2
6532	3
6533	3
6534	3
6535	2
6536	3
6537	3
6538	2
6539	3
6540	2
6541	2
6542	3
6543	3
6544	3
6545	3
6546	3
6547	3
6548	3
6549	2
6550	3
6551	2
6552	3
6553	3
6554	1
6555	2
6556	3
6557	3
6558	2
6559	2
6560	2
6561	3
6562	2
6563	3
6564	3
6565	3
6566	3
6567	2
6568	3
6569	3
6570	3
6571	3
6572	2
6573	3
6574	3
6575	3
6576	3
6577	2
6578	2
6579	3
6580	3
6581	3
6582	3
6583	2
6584	2
6585	3
6586	2
6587	3
6588	3
6589	3
6590	2
6591	2
6592	3
6593	3
6594	1
6595	2
6596	3
6597	2
6598	2
6599	2
6600	3
6601	3
6602	2
6603	2
6604	2
6605	2
6606	3
6607	3
6608	2
6609	1
6610	3
6611	3
6612	3
6613	2
6614	2
6615	3
6616	3
6617	3
6618	2
6619	3
6620	3
6621	1
6622	2
6623	2
6624	2
6625	3
6626	3
6627	3
6628	2
6629	2
6630	2
6631	3
6632	3
6633	3
6634	3
6635	3
6636	3
