----------------- Supp: 400 - Runtime: 0.032819s
None : 0
[0 1 (3, -1, 3)] : 427

----------------- Supp:300 - Runtime: 0.103396s
None : 0
[0 1 (3, -1, 3)] : 427
[0 1 (3, -1, 3), 2 1 (3, -1, 3)] : 349

----------------- Supp: 240 - Runtime: 0.115851s
None : 0
[0 1 (3, -1, 3)] : 427
[0 1 (3, -1, 3), 2 1 (3, -1, 3)] : 349
[0 1 (4, -1, 4)] : 243

----------------- Supp: 220 - Runtime: 0.171123s
None : 0
[0 1 (3, -1, 3)] : 427
[0 1 (3, -1, 3), 1 2 (3, -1, 3)] : 236
[0 1 (3, -1, 3), 2 1 (3, -1, 3)] : 349
[0 1 (3, -1, 3), 0 2 (3, -1, 3)] : 236
[0 1 (4, -1, 4)] : 243
[0 1 (2, -1, 2)] : 227

----------------- Supp: 200 - Runtime: 1.682202s
None : 0
[0 1 (3, -1, 3)] : 427
[0 1 (3, -1, 3), 1 2 (3, -1, 3)] : 236
[0 1 (3, -1, 3), 1 2 (3, -1, 3), 3 2 (3, -1, 3)] : 207
[0 1 (3, -1, 3), 2 1 (3, -1, 3)] : 349
[0 1 (3, -1, 3), 2 1 (3, -1, 3), 2 3 (3, -1, 3)] : 219
[0 1 (3, -1, 3), 2 1 (3, -1, 3), 2 3 (3, -1, 3), 0 4 (3, -1, 3)] : 208
[0 1 (3, -1, 3), 0 2 (3, -1, 3)] : 236
[0 1 (4, -1, 4)] : 243
[0 1 (2, -1, 2)] : 227
[0 1 (2, -1, 2), 2 1 (2, -1, 2)] : 215

----------------- Supp: 180 - Runtime: 1.749950s
None : 0
[0 1 (3, -1, 3)] : 427
[0 1 (3, -1, 3), 1 2 (3, -1, 3)] : 236
[0 1 (3, -1, 3), 1 2 (3, -1, 3), 3 2 (3, -1, 3)] : 207
[0 1 (3, -1, 3), 1 2 (3, -1, 3), 3 2 (3, -1, 3), 3 4 (3, -1, 3)] : 188
[0 1 (3, -1, 3), 2 1 (3, -1, 3)] : 349
[0 1 (3, -1, 3), 2 1 (3, -1, 3), 2 3 (3, -1, 3)] : 219
[0 1 (3, -1, 3), 2 1 (3, -1, 3), 2 3 (3, -1, 3), 0 4 (3, -1, 3)] : 208
[0 1 (3, -1, 3), 2 1 (3, -1, 3), 3 1 (3, -1, 3)] : 180
[0 1 (3, -1, 3), 0 2 (3, -1, 3)] : 236
[0 1 (4, -1, 4)] : 243
[0 1 (4, -1, 4), 2 1 (4, -1, 4)] : 199
[0 1 (7, -1, 7)] : 185
[0 1 (2, -1, 2)] : 227
[0 1 (2, -1, 2), 2 1 (2, -1, 2)] : 215

----------------- Supp: 150 - Runtime: 193.398976s
None : 0
[0 1 (3, -1, 3)] : 427
[0 1 (3, -1, 3), 1 2 (3, -1, 3)] : 236
[0 1 (3, -1, 3), 1 2 (3, -1, 3), 3 2 (3, -1, 3)] : 207
[0 1 (3, -1, 3), 1 2 (3, -1, 3), 3 2 (3, -1, 3), 3 4 (3, -1, 3)] : 188
[0 1 (3, -1, 3), 1 2 (3, -1, 3), 3 2 (3, -1, 3), 3 4 (3, -1, 3), 5 4 (3, -1, 3)] : 158
[0 1 (3, -1, 3), 1 2 (3, -1, 3), 3 2 (3, -1, 3), 3 4 (3, -1, 3), 5 4 (3, -1, 3), 5 6 (3, -1, 3)] : 150
[0 1 (3, -1, 3), 1 2 (3, -1, 3), 3 2 (3, -1, 3), 3 4 (3, -1, 3), 5 2 (3, -1, 3)] : 158
[0 1 (3, -1, 3), 1 2 (3, -1, 3), 3 2 (3, -1, 3), 4 3 (3, -1, 3)] : 174
[0 1 (3, -1, 3), 1 2 (3, -1, 3), 3 2 (3, -1, 3), 4 2 (3, -1, 3)] : 163
[0 1 (3, -1, 3), 1 2 (3, -1, 3), 3 2 (3, -1, 3), 0 4 (3, -1, 3)] : 157
[0 1 (3, -1, 3), 1 2 (3, -1, 3), 3 1 (3, -1, 3)] : 151
[0 1 (3, -1, 3), 1 2 (3, -1, 3), 0 3 (3, -1, 3)] : 171
[0 1 (3, -1, 3), 2 1 (3, -1, 3)] : 349
[0 1 (3, -1, 3), 2 1 (3, -1, 3), 2 3 (3, -1, 3)] : 219
[0 1 (3, -1, 3), 2 1 (3, -1, 3), 2 3 (3, -1, 3), 4 3 (3, -1, 3)] : 174
[0 1 (3, -1, 3), 2 1 (3, -1, 3), 2 3 (3, -1, 3), 4 3 (3, -1, 3), 4 5 (3, -1, 3)] : 172
[0 1 (3, -1, 3), 2 1 (3, -1, 3), 2 3 (3, -1, 3), 4 3 (3, -1, 3), 4 5 (3, -1, 3), 6 5 (3, -1, 3)] : 170
[0 1 (3, -1, 3), 2 1 (3, -1, 3), 2 3 (3, -1, 3), 4 3 (3, -1, 3), 4 5 (3, -1, 3), 6 5 (3, -1, 3), 6 7 (3, -1, 3)] : 150
[0 1 (3, -1, 3), 2 1 (3, -1, 3), 2 3 (3, -1, 3), 4 3 (3, -1, 3), 4 5 (3, -1, 3), 6 3 (3, -1, 3)] : 150
[0 1 (3, -1, 3), 2 1 (3, -1, 3), 2 3 (3, -1, 3), 4 3 (3, -1, 3), 4 5 (3, -1, 3), 0 6 (3, -1, 3)] : 150
[0 1 (3, -1, 3), 2 1 (3, -1, 3), 2 3 (3, -1, 3), 4 3 (3, -1, 3), 5 3 (3, -1, 3)] : 152
[0 1 (3, -1, 3), 2 1 (3, -1, 3), 2 3 (3, -1, 3), 4 1 (3, -1, 3)] : 175
[0 1 (3, -1, 3), 2 1 (3, -1, 3), 2 3 (3, -1, 3), 4 1 (3, -1, 3), 4 5 (3, -1, 3)] : 163
[0 1 (3, -1, 3), 2 1 (3, -1, 3), 2 3 (3, -1, 3), 0 4 (3, -1, 3)] : 208
[0 1 (3, -1, 3), 2 1 (3, -1, 3), 3 1 (3, -1, 3)] : 180
[0 1 (3, -1, 3), 0 2 (3, -1, 3)] : 236
[0 1 (4, -1, 4)] : 243
[0 1 (4, -1, 4), 2 1 (4, -1, 4)] : 199
[0 1 (1, -1, 1)] : 162
[0 1 (7, -1, 7)] : 185
[0 1 (7, -1, 7), 2 1 (7, -1, 7)] : 163
[0 1 (2, -1, 2)] : 227
[0 1 (2, -1, 2), 2 1 (2, -1, 2)] : 215

----------------- Supp: 100 - 


