0	1237
0	1714
1	1324
3	1344
4	1233
5	86
5	366
5	1955
5	2436
9	1462
9	1548
9	2492
10	423
10	628
10	1491
10	1571
11	775
12	22
12	2124
15	702
15	1738
15	1818
15	1943
15	1972
15	2016
17	1641
17	1957
17	2046
17	2386
18	1109
18	1920
18	2117
18	2297
19	26
19	626
19	2099
20	2453
21	1162
21	1675
21	2121
22	646
22	1243
22	2124
22	2370
23	443
23	1332
23	1747
23	2054
23	2531
26	1483
32	2323
36	127
36	1843
39	1993
40	478
40	788
41	529
41	1840
44	1393
45	51
45	110
45	141
45	278
45	296
45	450
45	470
45	530
45	683
45	755
45	845
45	1076
45	1135
45	1390
45	1416
45	1495
45	1552
45	1688
45	1816
45	1876
45	2040
45	2080
45	2204
45	2295
45	2492
45	2552
48	1146
50	2
50	141
50	289
50	873
50	1009
50	1827
50	1909
51	59
51	1240
51	1502
51	1962
51	2552
52	762
53	1200
53	1208
55	2578
57	1009
57	1135
57	1438
57	2197
57	2356
58	589
58	1150
59	1240
63	208
63	326
63	1103
63	2211
64	379
64	447
64	532
64	687
64	817
64	881
64	944
64	1015
64	1026
64	1407
64	1593
64	1621
64	1796
64	2158
65	660
66	500
70	2191
71	380
71	2022
71	2081
72	1098
72	2308
74	596
74	719
74	832
74	1343
74	1433
74	2043
74	2114
74	2409
75	553
76	630
76	1112
78	2274
80	2299
81	870
81	2158
83	1053
83	1714
83	1784
83	2445
85	1315
85	1761
85	2202
85	2203
85	2434
86	5
86	366
86	1056
86	1204
86	2000
89	1083
89	1881
90	947
92	25
92	185
92	324
92	377
92	956
92	1320
92	1660
92	1787
92	2396
93	702
93	1359
93	1559
93	1725
94	243
94	344
94	427
94	1405
94	1857
94	2296
94	2466
94	2522
98	513
100	2266
103	960
103	1930
103	1962
103	2380
104	84
105	1460
105	1989
106	164
106	299
106	344
106	351
106	502
106	554
106	555
106	700
106	726
106	826
106	912
106	1000
106	1089
106	1209
106	1280
106	1641
106	1730
106	1882
106	1923
106	1957
106	1971
106	2259
106	2278
106	2354
106	2464
110	468
110	891
110	1701
114	1230
116	584
117	800
119	517
120	14
120	540
120	831
121	265
121	942
121	1222
121	2067
121	2093
121	2198
122	162
122	341
122	1032
122	1092
122	1497
122	1634
122	1681
122	1861
122	1892
123	576
125	461
125	853
125	1131
125	1726
125	2108
130	381
130	637
130	721
130	734
130	1324
130	1758
130	2535
131	654
132	2478
133	111
133	328
133	703
133	1332
133	1721
133	2037
133	2530
134	2324
135	602
135	717
135	2394
136	1252
136	2072
137	622
137	1712
138	1272
138	1703
138	1804
143	81
143	192
143	399
143	533
143	705
143	722
143	953
143	981
143	1073
143	1075
143	1107
143	1255
143	1579
143	1760
143	1768
143	1785
143	1832
143	1884
143	2028
143	2029
143	2270
143	2419
144	2330
145	1413
147	310
147	1076
147	1975
147	2434
147	2512
148	1525
149	2442
151	1764
151	2142
151	2221
152	437
152	717
154	556
154	1194
155	113
155	195
155	612
156	1233
156	2250
157	2014
157	2081
158	2308
159	508
162	341
162	1228
162	1539
162	1600
163	1184
165	1984
166	266
166	328
166	1270
166	1488
166	1583
166	1721
166	1810
167	803
168	727
168	1932
172	232
173	546
173	1052
173	2215
173	2573
176	5
176	366
176	1955
177	163
177	234
177	754
177	1085
177	1184
177	1646
177	1733
179	682
180	584
180	1511
180	2565
183	1104
183	1650
186	30
186	1008
187	16
191	56
191	1623
197	1868
197	1939
200	2555
201	167
201	745
201	2005
202	1031
202	2364
202	2392
202	2412
203	1751
204	545
204	2250
205	190
205	1467
207	20
207	540
207	1371
208	326
208	1103
208	2211
209	616
209	821
209	904
209	1554
209	1849
209	2286
209	2396
212	1053
212	1840
214	539
214	676
214	1104
214	1493
216	302
216	323
216	1223
216	1351
216	1839
216	1891
216	2393
223	99
223	1105
226	221
226	319
226	1485
226	1723
226	1919
226	2505
227	1206
227	1211
231	1442
233	918
233	2088
239	1713
245	580
246	282
246	420
246	664
246	955
246	1021
246	1119
246	1454
246	1628
246	1935
246	2098
246	2361
246	2407
249	503
249	1190
249	1269
249	1543
249	2519
252	935
253	551
255	371
255	577
255	714
255	1537
255	1586
256	107
256	561
257	1430
257	1758
258	188
258	495
258	544
258	802
258	1746
259	415
259	472
261	1887
263	7
263	260
263	1000
263	2537
264	2012
268	1606
270	2239
271	1815
271	1989
272	2109
273	1665
273	2194
273	2456
274	1409
275	2022
276	1045
276	1672
277	1838
278	1309
279	287
279	1074
279	1195
279	1196
280	588
281	1039
281	1739
283	423
284	2149
285	704
285	854
285	928
285	1022
285	1058
285	1534
285	1895
286	179
286	500
286	682
286	910
286	2486
286	2493
288	1036
289	141
289	2569
294	1032
294	1092
294	1497
298	868
301	922
303	550
303	604
303	1522
305	2055
307	457
307	910
307	1108
307	1624
307	2341
309	332
309	2309
311	239
311	283
311	450
311	451
311	628
311	805
311	1021
311	1571
311	1717
311	2230
311	2356
312	1048
314	732
314	2503
315	1443
315	2264
317	2142
318	2051
318	2326
319	221
322	77
323	1988
327	996
328	59
328	95
328	111
328	205
328	247
328	379
328	842
328	852
328	952
328	995
328	1178
328	1263
328	1407
328	1488
328	1502
328	1559
328	1583
328	1652
328	1719
328	1788
328	1987
328	2079
328	2208
328	2336
328	2371
328	2424
328	2477
328	2530
330	897
330	1045
331	600
331	1680
334	1622
336	123
336	558
336	1476
337	1364
337	2159
340	291
341	61
342	938
344	534
344	1864
348	652
349	1047
349	1925
352	2046
352	2302
352	2318
352	2513
354	2094
355	260
355	515
355	555
355	1168
355	1684
355	2160
356	102
361	47
361	353
361	1386
361	1667
361	2439
361	2580
364	43
366	2436
368	178
368	1200
368	1208
368	2582
369	2038
369	2426
372	1182
373	439
373	1517
373	1991
374	47
376	264
376	1467
377	185
378	1162
380	716
380	1247
380	1698
380	2014
380	2081
381	734
381	1671
382	1275
385	11
385	473
386	830
386	1145
386	1464
387	445
387	2207
388	121
390	2507
392	1072
395	1644
395	2162
399	535
401	759
403	609
403	1255
407	1553
410	175
410	1394
411	999
411	1148
411	1231
412	695
412	1110
414	556
416	44
416	2280
416	2483
418	28
418	858
418	1024
418	1307
418	1410
418	1979
418	2001
418	2497
419	852
420	2285
421	364
421	1989
421	2083
421	2218
421	2495
421	2508
424	1020
426	1805
427	344
428	671
431	14
431	205
432	582
432	667
432	761
432	931
434	578
436	1655
438	973
440	1060
440	1817
444	282
444	1717
444	1850
447	171
447	1026
447	1172
448	676
449	1373
450	110
450	239
450	250
450	278
450	342
450	755
450	1309
450	1322
450	1389
450	1390
450	1416
450	1552
450	1561
450	1701
450	1801
450	1850
450	1876
450	1909
450	2040
450	2073
450	2121
450	2246
450	2318
450	2383
450	2558
450	2569
451	476
452	87
452	318
452	1420
452	1747
452	2250
453	251
453	1273
454	124
456	697
456	1193
456	1498
456	1916
456	2219
458	786
459	603
459	620
459	704
459	1427
459	2298
461	443
461	1726
468	765
468	891
468	1701
471	852
472	396
473	1245
474	138
474	1428
474	1804
475	68
475	1350
475	1385
475	1846
475	2205
477	411
477	1148
477	1231
478	1035
479	318
479	2250
480	25
480	242
480	313
480	433
480	1064
480	1166
480	1327
480	1408
480	1469
480	1794
480	1853
480	1951
480	2101
480	2150
484	229
486	428
486	785
486	1461
486	1573
486	2118
487	148
487	753
487	2474
491	1452
491	2559
492	1260
494	1791
495	1226
496	530
496	1524
496	2170
496	2213
498	1288
499	235
499	2181
500	66
500	2486
501	1950
501	1956
503	241
503	384
503	1141
505	1124
505	1432
505	1572
507	1639
508	1096
509	1800
510	174
510	2287
511	404
512	1465
514	1695
518	110
519	870
519	2158
520	994
520	1534
522	889
523	322
523	1792
525	651
525	813
525	1055
525	1088
525	1508
525	2451
526	1822
531	14
531	19
531	431
531	537
531	698
531	777
531	974
531	978
531	2340
531	2564
532	328
532	2477
533	2270
534	1915
536	2207
538	1582
542	483
542	1154
542	1443
542	1793
542	2168
543	1285
543	2266
547	726
547	912
547	924
547	1641
547	1730
547	2156
547	2188
547	2388
548	982
549	329
549	346
549	1983
549	2264
549	2453
552	1108
552	1624
555	912
555	1455
555	1882
556	587
559	735
559	1221
559	1506
559	1747
559	1748
559	2097
559	2237
559	2531
560	1303
560	1846
562	265
562	2067
564	839
564	2089
565	378
565	1162
565	1359
565	1675
565	2121
565	2346
567	1075
569	1739
570	1760
570	2390
572	500
572	1844
573	1362
574	2372
575	617
575	846
575	1044
575	1816
580	245
581	1525
581	2035
581	2483
582	460
583	87
583	107
583	561
584	116
584	126
584	485
584	1427
584	1489
584	1614
584	1636
584	1757
584	2045
584	2237
584	2546
586	408
586	673
587	1325
587	1458
589	1419
591	781
593	1507
594	290
594	336
594	627
594	718
594	753
594	856
594	883
594	1016
594	1154
594	1421
594	1426
594	1458
594	1590
594	1661
594	1685
594	2115
595	921
597	1937
597	2148
598	69
598	579
598	1239
600	306
600	2138
600	2191
600	2192
600	2572
601	836
601	2240
604	550
604	805
604	1610
605	234
605	1045
607	429
607	1835
608	1163
611	1837
612	1482
613	557
614	118
614	295
614	306
614	329
614	417
614	464
614	528
614	540
614	698
614	706
614	761
614	837
614	992
614	1038
614	1193
614	1213
614	1270
614	1325
614	1354
614	1467
614	1477
614	1581
614	1652
614	1972
614	2071
614	2139
614	2530
617	1417
618	6
618	1826
619	369
619	392
619	2403
623	873
625	550
625	599
625	1522
625	1550
625	2016
628	913
628	1470
629	1387
630	76
630	1112
632	2042
632	2143
633	1142
638	1238
640	523
640	1299
642	762
642	1934
644	1062
644	1187
644	1730
645	770
646	1243
647	726
650	125
650	571
650	1173
650	1394
651	813
652	2311
655	1948
656	266
657	2541
661	79
661	557
661	594
661	903
661	1074
661	1095
661	1121
661	1533
661	1562
661	1682
661	1937
661	2245
661	2301
661	2540
662	2348
662	2387
662	2415
665	129
669	1856
670	1519
670	1704
672	635
672	758
672	1152
673	2567
674	2421
676	539
676	1824
679	665
679	1010
685	538
685	735
685	1489
685	2002
688	40
688	1545
691	279
691	719
691	1313
691	1343
691	2003
691	2114
691	2409
692	1333
696	198
696	1249
696	1357
696	1861
696	2517
698	142
698	508
698	571
698	1342
698	1920
698	2266
698	2297
698	2430
700	502
700	598
700	932
700	2354
703	183
703	429
703	512
703	943
703	1310
703	1620
703	1818
703	2371
705	909
705	1107
705	2189
706	1439
707	846
707	2531
708	67
708	79
708	1031
708	1165
708	1335
711	159
711	514
711	946
711	1342
711	1695
711	2315
712	264
712	816
712	2063
712	2209
713	1716
715	66
715	259
715	500
716	1199
716	1457
716	1643
716	2026
716	2507
720	678
723	424
723	1020
723	1529
724	1599
725	1445
728	1680
729	1759
730	681
730	1379
730	1597
731	1475
733	227
733	487
733	579
733	1629
733	2453
738	2
738	181
738	704
738	826
738	2354
739	624
739	1129
740	1062
743	1487
745	2499
746	1399
746	1812
747	1963
749	1093
750	1201
750	1626
751	785
752	140
753	626
753	1016
753	2422
755	9
755	551
755	1006
755	1104
755	1358
755	2246
755	2383
758	363
758	1152
758	1620
758	2008
758	2106
760	245
760	634
760	671
760	1429
760	1709
760	2041
760	2042
761	678
761	720
763	108
763	439
763	610
764	1176
765	1602
765	2236
766	291
766	340
766	783
766	1607
766	2465
771	365
771	646
771	974
771	1223
771	1329
771	1543
771	1584
771	1816
771	2171
771	2490
773	1235
773	1478
774	1534
777	69
777	547
777	2099
779	463
779	1981
780	192
780	399
780	535
780	1579
782	297
783	70
783	2191
784	1727
784	1898
784	2199
784	2248
785	428
785	751
785	1012
785	1680
785	2041
786	458
787	1753
789	1787
789	2150
790	1158
792	1359
793	209
793	408
793	566
793	849
793	1149
793	1422
793	2169
793	2260
793	2377
794	786
794	1017
794	1195
794	1609
794	1767
795	990
797	1143
797	1283
797	1518
797	1842
797	2167
801	798
804	218
804	2510
805	1491
806	483
806	1793
806	2168
807	1783
811	1458
813	1212
813	2009
813	2542
814	1229
814	2527
815	383
815	1340
816	712
816	2209
817	64
817	171
817	199
817	379
817	447
817	944
817	1113
817	1172
817	1496
817	1593
817	1621
817	1832
817	1940
817	2158
818	1326
820	16
820	187
822	1
822	271
822	410
822	2075
822	2376
822	2418
823	1369
825	809
827	10
827	230
827	1027
827	1257
827	1366
827	2463
827	2579
830	772
832	2409
833	744
833	765
836	2078
837	2180
838	2219
840	1133
840	1769
842	1015
842	1407
843	2152
843	2287
844	208
845	278
845	450
845	530
845	1042
845	1462
845	2004
845	2295
845	2358
846	1779
847	717
847	810
849	904
851	2094
851	2098
857	227
857	445
857	536
857	898
857	993
857	1243
857	1696
857	2207
857	2391
860	1401
860	2171
861	79
861	1186
861	1250
861	1313
861	1863
861	2114
862	1439
862	1653
863	365
863	886
863	917
863	1499
863	2073
863	2226
863	2313
865	1136
866	261
866	1887
866	1937
866	2284
867	27
867	516
867	1827
867	1901
867	2579
868	298
869	1374
869	2454
871	599
871	894
871	2361
871	2471
875	1095
876	2316
878	211
878	2353
878	2449
879	2444
881	1172
881	1593
881	1621
882	617
882	1417
883	1658
884	999
884	2307
884	2513
885	668
886	1499
887	523
887	1299
887	1792
888	237
890	2019
891	230
891	444
891	827
891	846
891	1366
891	1616
891	1816
893	2167
895	1229
896	922
898	445
900	651
900	813
900	1508
900	1982
900	2451
901	219
902	620
902	1436
902	2014
903	226
903	708
903	1023
903	1165
903	1210
903	1349
903	1460
903	1485
903	1514
903	1577
903	1605
903	1678
903	1682
903	1723
903	2070
903	2283
903	2449
903	2508
904	1346
905	598
905	998
905	1091
905	1144
905	1380
905	1801
907	1287
907	1594
907	2039
907	2089
908	221
908	708
908	1682
908	2495
908	2582
910	286
914	238
915	121
915	158
915	911
915	942
915	1046
915	1222
915	1748
915	1870
915	2093
915	2198
915	2238
915	2308
915	2400
917	307
920	1700
921	224
925	2293
926	2164
928	154
928	883
928	1746
928	1929
928	2234
930	782
931	761
931	959
931	1467
931	1683
931	1789
931	2192
931	2312
932	2299
933	694
937	911
937	945
941	198
941	225
941	497
941	831
941	1032
941	1306
941	1437
941	1623
941	1808
941	1861
946	529
947	1189
948	483
948	877
948	1793
948	1997
948	2168
948	2483
949	1396
949	1598
950	2284
952	2128
953	981
955	1935
956	1346
958	1209
959	600
959	667
961	1588
961	1987
963	487
963	733
963	2519
964	1040
964	1960
964	2051
964	2583
967	227
967	430
967	548
967	626
967	686
967	741
967	966
967	1137
967	1211
967	1258
967	1483
967	1525
967	1580
967	2099
967	2220
967	2474
968	1494
969	791
969	2274
969	2391
969	2575
970	716
971	1284
972	1591
973	438
975	279
975	1196
975	1664
976	284
976	641
976	812
976	872
976	1289
976	2149
976	2205
976	2372
977	426
977	2233
978	9
978	277
978	431
978	531
978	602
978	607
978	777
978	1244
978	1509
978	1722
978	1838
978	1968
978	2473
978	2506
979	1844
987	1849
989	1100
989	1256
989	1384
989	1900
991	1158
991	1596
992	354
992	528
992	1326
992	1781
992	2467
993	170
993	333
993	441
993	445
993	536
993	742
993	857
993	898
993	1243
993	1608
993	1705
993	1976
993	2207
993	2317
993	2391
994	579
994	1438
997	17
997	31
997	67
997	633
997	659
997	708
997	835
997	859
997	974
997	1142
997	1160
997	1402
997	1584
997	1802
997	2089
997	2273
998	905
998	1087
1001	1147
1001	1236
1001	2042
1002	274
1002	474
1002	2026
1003	2117
1004	1777
1005	929
1005	2293
1006	905
1006	2178
1012	751
1012	785
1012	1680
1013	2357
1016	20
1016	127
1016	134
1016	169
1016	336
1016	362
1016	737
1016	741
1016	856
1016	883
1016	1258
1016	1288
1016	1458
1016	1560
1016	1590
1016	1658
1016	1685
1016	1782
1016	1988
1016	2132
1016	2141
1016	2390
1016	2394
1016	2422
1016	2425
1017	102
1018	1026
1019	380
1019	1360
1019	1698
1022	854
1022	1895
1023	129
1023	352
1023	1294
1023	1349
1023	1569
1023	2438
1024	264
1024	614
1024	858
1024	1049
1024	2001
1025	281
1025	569
1025	1039
1027	1524
1027	2047
1027	2463
1028	840
1029	851
1030	120
1030	164
1030	916
1030	1572
1030	1971
1030	2048
1030	2071
1034	710
1034	1807
1034	2363
1034	2572
1037	738
1037	1533
1037	1642
1037	1737
1037	1857
1037	1877
1037	2151
1039	59
1039	97
1039	220
1039	281
1039	465
1039	600
1039	710
1039	755
1039	759
1039	1084
1039	1087
1039	1177
1039	1255
1039	1431
1039	1441
1039	1481
1039	1567
1039	1656
1039	1676
1039	1714
1039	1760
1039	1888
1039	1947
1039	2066
1039	2233
1039	2262
1039	2303
1039	2336
1039	2502
1043	702
1043	709
1043	1738
1043	2016
1043	2019
1043	2223
1048	666
1048	2227
1049	1307
1049	2497
1049	2498
1050	965
1051	1928
1051	2001
1052	546
1052	649
1052	2174
1054	18
1054	1003
1054	1109
1054	1345
1054	2177
1059	701
1061	16
1061	96
1061	127
1061	165
1061	877
1061	1000
1061	1201
1061	1622
1061	1792
1061	1850
1061	1984
1061	1997
1061	2184
1061	2483
1061	2571
1062	658
1062	1733
1063	934
1066	604
1066	805
1066	1058
1066	1403
1066	1610
1066	2511
1069	477
1072	1704
1073	338
1073	1268
1074	222
1076	538
1076	921
1076	1462
1076	1833
1076	1975
1076	2004
1076	2358
1078	1281
1078	2495
1080	350
1080	947
1081	724
1081	2457
1084	1567
1086	828
1087	1888
1089	434
1090	1111
1090	1254
1090	1436
1090	1729
1091	2303
1094	169
1094	864
1094	912
1094	1187
1094	1406
1094	1858
1094	2225
1095	2505
1096	508
1099	384
1099	957
1100	1256
1100	1384
1100	1531
1100	1900
1100	2068
1101	150
1102	741
1102	1344
1102	1618
1102	1629
1104	65
1104	98
1104	189
1104	201
1104	223
1104	228
1104	302
1104	463
1104	490
1104	551
1104	571
1104	639
1104	672
1104	683
1104	688
1104	778
1104	998
1104	1092
1104	1136
1104	1177
1104	1191
1104	1237
1104	1308
1104	1351
1104	1365
1104	1368
1104	1380
1104	1500
1104	1578
1104	1648
1104	1656
1104	1676
1104	1693
1104	1762
1104	1783
1104	1839
1104	1891
1104	1932
1104	1936
1104	2021
1104	2060
1104	2104
1104	2112
1104	2137
1104	2214
1104	2310
1104	2383
1104	2393
1104	2530
1105	99
1105	223
1106	721
1106	942
1106	2198
1107	399
1107	567
1107	722
1107	953
1107	981
1107	1579
1107	1884
1107	2189
1107	2270
1107	2419
1111	1436
1111	2561
1114	2064
1114	2478
1115	1750
1118	185
1118	793
1120	669
1121	287
1124	1326
1127	1408
1128	203
1130	992
1130	2139
1132	242
1132	724
1132	892
1132	1081
1132	1385
1132	1481
1132	1828
1132	1960
1133	1769
1133	2544
1135	476
1135	1717
1135	1743
1135	2475
1136	783
1136	1879
1140	54
1140	824
1141	241
1144	905
1144	1380
1146	751
1149	566
1150	1
1150	589
1150	1041
1150	1419
1151	417
1152	736
1152	758
1152	2008
1152	2106
1153	47
1153	292
1153	1244
1153	1667
1154	1749
1161	235
1161	1169
1161	2568
1162	1438
1162	1675
1164	316
1165	1605
1165	2476
1167	811
1167	1305
1167	1443
1167	2264
1169	235
1170	1345
1170	2529
1172	447
1175	1143
1177	196
1179	192
1179	399
1179	705
1179	780
1179	909
1179	1285
1179	1450
1179	1528
1179	1973
1179	2028
1179	2029
1179	2105
1179	2189
1180	1405
1180	2444
1180	2449
1180	2558
1181	34
1181	1425
1184	163
1185	1021
1185	1470
1185	1766
1185	2057
1185	2170
1185	2205
1185	2307
1195	727
1195	1314
1197	2176
1198	1550
1202	336
1203	443
1203	1303
1203	1387
1205	1225
1205	1356
1205	1551
1205	2481
1206	874
1206	894
1207	1378
1210	547
1210	1765
1210	1923
1214	853
1214	1636
1215	1708
1216	174
1216	2287
1217	1238
1221	107
1221	561
1221	2024
1223	302
1223	1331
1223	1368
1223	1543
1225	1079
1226	1082
1226	2484
1227	284
1227	2149
1228	1727
1229	2527
1232	2361
1234	1100
1234	1256
1234	1384
1234	1900
1234	1944
1234	2068
1236	2118
1238	76
1238	254
1238	420
1238	630
1238	1217
1238	1281
1238	2285
1238	2448
1241	217
1241	351
1241	384
1241	555
1241	578
1241	689
1241	1168
1241	1205
1241	1684
1241	1877
1241	1933
1241	2543
1242	1262
1243	646
1243	2124
1244	1667
1244	2506
1246	635
1248	576
1248	2537
1249	162
1249	590
1249	808
1249	1600
1249	2036
1251	684
1251	1249
1251	2517
1252	875
1252	2072
1253	106
1253	339
1253	704
1253	2305
1254	902
1254	1360
1261	11
1261	385
1261	473
1263	2208
1264	391
1264	1055
1264	1212
1264	1508
1264	1558
1264	1982
1264	2009
1264	2451
1264	2542
1265	2435
1269	249
1271	1097
1272	1804
1273	251
1273	453
1273	1174
1274	2092
1276	29
1277	345
1277	570
1277	2484
1278	405
1278	659
1279	826
1280	1412
1283	893
1283	1333
1283	1364
1283	1707
1283	2269
1285	2011
1286	1505
1287	405
1290	1162
1290	2121
1291	182
1295	11
1295	25
1295	30
1295	116
1295	268
1295	271
1295	324
1295	521
1295	1245
1295	1261
1295	1606
1295	1614
1295	1757
1295	1868
1295	1939
1295	1951
1295	2304
1295	2437
1297	825
1299	101
1299	322
1299	640
1299	1792
1299	2554
1300	864
1301	899
1301	1187
1301	2334
1302	873
1303	2320
1304	893
1307	858
1308	1125
1308	1631
1308	2489
1310	2008
1312	252
1312	2000
1312	2433
1313	17
1313	206
1313	1641
1315	310
1315	336
1315	371
1315	1377
1315	1530
1315	1761
1315	2202
1315	2414
1315	2512
1317	1560
1318	31
1318	405
1318	488
1318	540
1318	810
1318	1110
1318	1287
1318	1402
1318	1406
1318	1968
1319	1571
1320	185
1320	377
1320	1166
1320	1787
1320	1970
1321	677
1322	677
1322	2253
1324	128
1328	2062
1329	517
1329	850
1330	34
1330	1159
1330	1436
1330	1703
1330	1729
1330	2298
1331	6
1333	1126
1336	1362
1336	1372
1336	1786
1338	1421
1341	2165
1347	407
1348	880
1348	1702
1349	352
1349	855
1349	1460
1349	1678
1349	2391
1349	2438
1349	2575
1353	1895
1354	736
1355	895
1356	730
1356	1730
1356	1834
1356	2481
1357	1235
1360	1019
1360	2022
1360	2555
1362	573
1363	160
1363	919
1364	2159
1367	446
1367	1845
1367	2256
1367	2399
1370	994
1371	393
1371	681
1371	985
1371	1030
1371	1246
1371	1829
1372	1554
1372	1654
1372	2127
1373	1809
1374	2454
1375	1775
1376	796
1377	756
1377	1007
1379	1597
1382	482
1382	522
1388	62
1388	97
1388	228
1388	247
1388	442
1388	465
1388	499
1388	514
1388	541
1388	595
1388	710
1388	778
1388	848
1388	905
1388	923
1388	940
1388	944
1388	968
1388	998
1388	1036
1388	1087
1388	1091
1388	1115
1388	1169
1388	1267
1388	1270
1388	1354
1388	1358
1388	1381
1388	1390
1388	1416
1388	1431
1388	1441
1388	1503
1388	1519
1388	1547
1388	1552
1388	1563
1388	1566
1388	1592
1388	1676
1388	1750
1388	1762
1388	1832
1388	1888
1388	1920
1388	2044
1388	2060
1388	2079
1388	2117
1388	2177
1388	2181
1388	2190
1388	2204
1388	2343
1388	2378
1388	2446
1393	44
1395	708
1395	1937
1395	2053
1395	2091
1395	2283
1395	2576
1396	2359
1397	1144
1397	1821
1399	102
1399	1473
1399	1978
1400	2224
1404	1092
1404	1500
1404	1628
1404	1749
1404	1775
1404	2098
1404	2216
1404	2361
1405	153
1405	244
1405	398
1405	400
1405	506
1405	737
1405	1409
1405	1686
1405	1744
1405	1764
1405	2261
1405	2441
1410	210
1410	743
1411	1352
1415	1821
1415	2408
1416	1390
1416	1552
1417	617
1419	429
1419	1041
1419	1150
1419	1544
1423	717
1423	1139
1423	2035
1423	2422
1423	2425
1424	1346
1426	594
1427	71
1427	342
1427	745
1427	765
1427	968
1427	1044
1427	1117
1427	1185
1427	1341
1427	1361
1427	1370
1427	1495
1427	1851
1427	2010
1427	2133
1427	2152
1427	2205
1427	2210
1427	2224
1427	2236
1427	2349
1427	2546
1428	1060
1428	1817
1430	107
1430	561
1431	124
1432	48
1432	225
1432	497
1432	505
1432	818
1432	1238
1432	1980
1432	2254
1433	719
1433	1679
1434	394
1434	1504
1434	1831
1434	2405
1435	690
1435	880
1435	1398
1436	620
1436	1463
1436	2164
1436	2345
1437	1305
1437	1443
1438	2121
1439	144
1439	706
1439	862
1439	1156
1439	1653
1439	2330
1440	2080
1443	1305
1443	2264
1446	2084
1448	735
1448	846
1448	2225
1451	1117
1452	2559
1453	329
1453	1110
1453	1184
1453	1258
1453	2048
1453	2126
1455	1882
1459	285
1459	854
1459	1050
1459	1895
1461	428
1461	787
1461	1456
1461	1842
1461	1942
1461	2510
1466	1797
1468	2461
1469	2304
1471	456
1472	958
1472	1209
1472	2242
1473	1494
1473	1812
1474	2015
1476	1515
1479	626
1480	1510
1480	2248
1481	853
1481	892
1481	1132
1481	2051
1484	172
1485	769
1485	1071
1486	943
1486	2032
1487	743
1492	110
1492	178
1492	230
1492	278
1492	283
1492	358
1492	444
1492	451
1492	468
1492	476
1492	628
1492	660
1492	699
1492	913
1492	938
1492	1009
1492	1044
1492	1076
1492	1135
1492	1257
1492	1309
1492	1447
1492	1491
1492	1717
1492	1743
1492	1795
1492	1819
1492	1875
1492	1909
1492	2047
1492	2090
1492	2140
1492	2295
1492	2318
1495	10
1495	110
1495	201
1495	230
1495	250
1495	278
1495	289
1495	296
1495	325
1495	342
1495	450
1495	451
1495	468
1495	476
1495	530
1495	604
1495	755
1495	765
1495	827
1495	845
1495	891
1495	913
1495	927
1495	954
1495	1027
1495	1117
1495	1135
1495	1242
1495	1257
1495	1262
1495	1366
1495	1414
1495	1440
1495	1451
1495	1462
1495	1490
1495	1524
1495	1576
1495	1602
1495	1616
1495	1688
1495	1701
1495	1744
1495	1819
1495	1827
1495	1850
1495	1851
1495	1876
1495	1909
1495	2004
1495	2010
1495	2020
1495	2096
1495	2204
1495	2236
1495	2247
1495	2295
1495	2296
1495	2307
1495	2352
1495	2355
1495	2358
1495	2475
1495	2532
1500	609
1500	749
1500	934
1500	1237
1500	1608
1500	1663
1500	1705
1500	1886
1500	2317
1501	272
1501	694
1501	814
1501	2263
1504	1396
1504	1831
1504	2359
1509	44
1509	112
1509	1405
1509	1617
1509	1838
1510	1480
1510	2405
1511	1350
1513	680
1515	2294
1516	75
1516	553
1516	1274
1516	1328
1516	2062
1516	2201
1516	2337
1516	2365
1517	784
1517	1434
1517	1504
1517	1539
1517	1831
1517	2199
1517	2248
1517	2405
1518	2173
1520	1392
1521	1635
1521	1698
1521	2081
1522	455
1522	550
1522	625
1522	874
1522	1713
1522	1738
1522	2016
1522	2109
1523	2021
1526	13
1526	397
1526	402
1526	527
1526	767
1526	962
1526	1202
1526	1247
1526	1259
1526	1298
1526	1360
1526	1391
1526	1452
1526	1904
1526	2095
1526	2218
1526	2280
1526	2373
1527	2124
1528	705
1528	1884
1528	2028
1529	215
1529	424
1531	1384
1531	1944
1532	757
1535	748
1535	1627
1536	1647
1537	490
1537	1420
1537	1554
1537	2350
1538	406
1538	687
1538	1768
1538	1978
1540	383
1540	1871
1541	573
1541	1362
1541	1408
1542	298
1542	868
1542	937
1542	1222
1545	213
1546	325
1546	1414
1547	410
1549	483
1552	1416
1556	182
1556	2225
1557	218
1558	391
1558	663
1559	93
1559	1608
1559	1705
1559	2317
1564	469
1564	1489
1564	1636
1565	2287
1568	193
1568	635
1568	2290
1569	1334
1569	2136
1569	2547
1575	501
1575	1950
1575	1956
1575	2200
1576	365
1576	481
1576	1139
1576	1223
1576	1282
1576	1801
1576	1877
1576	1997
1576	2132
1576	2175
1577	2449
1581	2033
1582	538
1585	102
1585	1017
1585	1374
1585	1948
1585	2170
1585	2347
1585	2454
1586	255
1586	714
1587	1832
1587	2105
1589	471
1590	290
1590	544
1590	802
1590	1098
1590	1288
1590	1458
1590	1782
1590	1802
1590	1929
1594	1173
1594	2371
1594	2508
1601	82
1601	309
1601	332
1601	2309
1603	1119
1604	34
1604	219
1604	2523
1605	129
1605	319
1605	1445
1605	1485
1606	268
1606	906
1606	957
1606	1657
1606	2377
1606	2417
1609	1767
1611	308
1612	728
1612	1680
1614	1724
1615	1897
1616	2182
1616	2213
1617	603
1617	1827
1617	1901
1619	1334
1619	1569
1619	1976
1619	2410
1619	2547
1621	1593
1625	697
1626	829
1626	980
1626	1201
1626	1907
1627	748
1627	1535
1628	331
1629	123
1629	163
1629	329
1629	346
1629	1085
1629	1184
1629	1618
1629	1658
1630	759
1631	1123
1631	1211
1631	2519
1632	1067
1633	132
1633	1010
1633	1514
1638	1694
1641	1730
1641	1957
1645	533
1645	2029
1647	357
1650	669
1650	1505
1650	1856
1650	1986
1651	670
1651	940
1651	1704
1653	144
1653	1439
1655	1548
1656	1255
1656	1284
1656	2262
1661	689
1661	2427
1662	893
1665	2456
1666	212
1666	788
1666	862
1667	1244
1667	2506
1669	1733
1673	345
1673	1658
1673	2272
1674	194
1676	710
1677	615
1677	624
1677	835
1677	1983
1680	331
1680	785
1683	667
1683	1613
1687	988
1688	109
1690	1708
1691	67
1691	1014
1692	704
1692	774
1692	1534
1692	1606
1693	631
1695	76
1695	514
1697	1413
1697	2065
1698	397
1699	217
1699	681
1699	883
1699	936
1699	1016
1699	1224
1699	1597
1699	1834
1699	1918
1701	282
1701	283
1702	690
1702	880
1702	1348
1704	1072
1706	372
1706	1182
1707	1283
1711	353
1711	446
1711	966
1711	1580
1712	2563
1713	455
1715	1885
1717	444
1718	1510
1719	1166
1719	1791
1720	335
1720	1033
1720	1449
1720	1640
1722	353
1722	966
1722	1590
1723	202
1723	221
1723	226
1723	319
1723	769
1723	1485
1723	1919
1723	2392
1723	2505
1725	1268
1725	1943
1725	1972
1725	2016
1725	2223
1726	945
1726	1527
1728	2501
1731	2225
1732	2508
1732	2515
1734	1056
1735	588
1735	636
1735	675
1735	1361
1735	2556
1738	890
1740	351
1740	555
1740	1202
1740	1205
1740	1455
1740	1882
1741	2245
1742	729
1742	1759
1742	2229
1742	2462
1745	14
1745	1016
1745	1157
1745	2399
1747	1555
1752	2486
1754	34
1754	926
1754	1159
1754	1181
1754	1463
1754	2164
1755	153
1755	506
1755	2221
1756	38
1756	267
1757	1
1757	18
1757	25
1757	35
1757	63
1757	72
1757	73
1757	87
1757	91
1757	105
1757	116
1757	128
1757	130
1757	147
1757	182
1757	197
1757	208
1757	268
1757	313
1757	326
1757	371
1757	385
1757	408
1757	433
1757	459
1757	466
1757	469
1757	473
1757	477
1757	484
1757	490
1757	524
1757	526
1757	538
1757	560
1757	563
1757	566
1757	571
1757	577
1757	584
1757	585
1757	621
1757	650
1757	669
1757	693
1757	721
1757	735
1757	781
1757	789
1757	793
1757	822
1757	834
1757	838
1757	843
1757	844
1757	849
1757	914
1757	915
1757	925
1757	929
1757	937
1757	956
1757	983
1757	986
1757	1054
1757	1064
1757	1081
1757	1103
1757	1149
1757	1183
1757	1214
1757	1221
1757	1227
1757	1245
1757	1261
1757	1288
1757	1291
1757	1327
1757	1347
1757	1361
1757	1372
1757	1377
1757	1389
1757	1408
1757	1422
1757	1427
1757	1469
1757	1530
1757	1532
1757	1536
1757	1548
1757	1554
1757	1582
1757	1606
1757	1615
1757	1644
1757	1654
1757	1657
1757	1660
1757	1724
1757	1758
1757	1761
1757	1774
1757	1787
1757	1791
1757	1811
1757	1822
1757	1844
1757	1851
1757	1951
1757	1989
1757	1996
1757	2002
1757	2007
1757	2024
1757	2030
1757	2034
1757	2045
1757	2051
1757	2054
1757	2069
1757	2086
1757	2101
1757	2104
1757	2127
1757	2146
1757	2169
1757	2193
1757	2210
1757	2227
1757	2228
1757	2237
1757	2335
1757	2345
1757	2360
1757	2376
1757	2377
1757	2398
1757	2417
1757	2437
1757	2538
1757	2546
1757	2583
1758	637
1758	1332
1758	1532
1758	1797
1758	2250
1758	2548
1760	82
1760	332
1760	2309
1761	1007
1761	2202
1761	2434
1761	2512
1762	51
1764	506
1768	143
1768	2058
1770	681
1770	1157
1770	1379
1770	1626
1770	1845
1771	189
1772	293
1775	1375
1775	2527
1776	320
1778	2487
1781	1773
1783	2032
1783	2497
1785	981
1787	490
1787	1420
1787	2150
1788	328
1788	462
1788	464
1788	1545
1789	31
1790	515
1793	948
1795	2569
1798	129
1798	594
1798	661
1798	1023
1798	1114
1798	1395
1798	1418
1798	1514
1798	1605
1798	1633
1798	2064
1798	2283
1798	2478
1798	2576
1799	61
1799	773
1799	808
1799	1228
1799	1357
1799	1478
1799	1539
1799	1727
1799	1953
1799	2087
1803	351
1803	606
1803	752
1803	978
1803	1129
1803	1205
1803	1218
1803	1282
1803	1455
1803	1711
1803	1740
1803	1882
1803	1911
1803	2134
1803	2417
1803	2448
1803	2490
1804	27
1804	66
1804	500
1806	139
1806	1413
1806	2384
1810	266
1811	130
1811	812
1811	1383
1811	2193
1813	1763
1814	336
1814	799
1819	2
1820	2038
1823	1697
1823	2065
1825	1083
1825	1171
1826	63
1826	208
1826	326
1826	844
1826	1103
1830	2017
1836	55
1836	2578
1837	118
1837	343
1837	614
1837	992
1837	2467
1838	112
1838	1509
1840	529
1841	563
1841	1340
1851	85
1851	147
1851	310
1851	756
1851	1377
1851	1530
1851	1761
1851	1975
1851	2202
1851	2203
1851	2397
1851	2398
1851	2414
1851	2434
1851	2512
1852	782
1852	1942
1853	160
1853	2150
1854	1124
1854	1326
1855	2501
1856	1505
1859	599
1859	1935
1859	2447
1859	2494
1860	435
1860	2522
1861	41
1861	225
1861	941
1862	33
1862	460
1863	1250
1865	472
1866	776
1867	553
1869	2245
1870	2400
1871	383
1871	815
1871	1340
1871	1540
1872	2147
1873	194
1873	612
1874	9
1874	1465
1875	1766
1878	1809
1880	375
1880	678
1880	1117
1880	1581
1880	2407
1880	2409
1882	2522
1883	49
1883	56
1883	162
1883	239
1883	652
1883	941
1883	1228
1883	1249
1883	1437
1883	1793
1883	2145
1883	2300
1883	2517
1884	533
1884	2029
1884	2270
1885	1715
1887	1071
1887	2110
1890	2017
1890	2545
1891	65
1891	134
1891	323
1891	1839
1893	1649
1894	40
1894	478
1894	1035
1894	1266
1894	1936
1896	115
1896	1736
1899	1220
1900	1100
1900	2068
1901	1827
1902	1956
1903	1889
1905	264
1905	376
1905	712
1905	2012
1905	2209
1906	236
1906	991
1907	980
1908	444
1908	455
1908	625
1908	814
1908	1550
1908	1713
1910	576
1910	1296
1910	1777
1911	492
1911	1099
1911	1110
1911	1160
1911	1210
1911	1282
1911	1765
1911	1848
1911	1931
1911	1935
1911	2302
1911	2448
1912	2233
1913	68
1913	849
1913	1340
1913	1512
1913	1710
1913	2007
1913	2397
1914	1510
1918	217
1918	653
1921	178
1921	1648
1921	2411
1922	880
1923	924
1924	1185
1924	1292
1924	1470
1924	1766
1924	1800
1924	1875
1924	2073
1925	349
1925	1047
1926	373
1926	439
1927	168
1927	458
1927	495
1927	631
1927	672
1927	691
1927	703
1927	794
1927	952
1927	975
1927	1017
1927	1018
1927	1178
1927	1188
1927	1195
1927	1196
1927	1238
1927	1297
1927	1488
1927	1609
1927	1664
1927	1693
1927	1808
1927	2234
1927	2290
1927	2390
1928	1637
1928	1979
1931	2300
1933	502
1933	2522
1934	642
1935	664
1935	1550
1935	1859
1936	478
1936	1266
1937	597
1937	1562
1937	2148
1938	398
1938	689
1938	839
1938	1153
1938	1170
1938	1244
1938	2179
1938	2332
1938	2427
1938	2506
1940	199
1940	1496
1940	1796
1940	2058
1941	177
1941	451
1941	476
1941	658
1941	754
1941	1347
1941	1659
1941	2025
1941	2406
1946	66
1949	1055
1952	2128
1953	808
1953	1478
1954	1212
1954	2542
1957	8
1958	523
1959	43
1959	429
1959	1594
1959	2083
1960	919
1960	1303
1960	1846
1961	360
1963	1957
1964	73
1964	371
1964	467
1964	524
1964	621
1964	701
1964	821
1964	956
1964	1059
1964	1183
1964	1606
1964	1853
1964	2538
1965	132
1965	2478
1966	602
1966	656
1966	727
1966	952
1966	1314
1966	2128
1967	1116
1967	2000
1967	2433
1967	2525
1969	118
1969	1339
1969	1354
1969	1620
1969	1721
1969	1830
1969	2112
1969	2545
1970	1340
1971	810
1971	1629
1972	702
1973	161
1974	1847
1975	411
1975	643
1975	1076
1975	1833
1975	2034
1977	212
1977	429
1977	469
1977	788
1977	819
1977	1732
1977	1784
1978	143
1978	1219
1978	1940
1978	2058
1982	181
1985	715
1987	1588
1988	1122
1988	2324
1990	939
1991	1517
1991	2405
1992	1187
1993	1393
1993	2280
1994	323
1994	328
1994	798
1994	801
1994	848
1994	1371
1994	2168
1996	347
1998	2082
1999	585
2000	2433
2001	418
2001	858
2001	1051
2001	1487
2001	2497
2002	182
2002	560
2002	1214
2002	2228
2002	2457
2003	1250
2006	338
2006	1268
2006	2533
2007	616
2007	1849
2007	2286
2008	363
2008	736
2008	1830
2008	2574
2009	1212
2009	2542
2012	376
2013	2509
2016	599
2018	1001
2018	2255
2020	530
2023	1714
2024	284
2024	585
2025	177
2025	367
2025	1085
2025	1584
2029	2270
2030	1155
2030	1389
2031	808
2031	1539
2033	1453
2035	1525
2037	1192
2037	1339
2037	1995
2039	163
2039	839
2039	974
2039	1287
2040	283
2040	1044
2040	1819
2040	2197
2040	2513
2041	1837
2045	23
2045	1221
2045	1466
2045	1791
2045	1870
2045	2101
2048	639
2048	1134
2048	1572
2048	1574
2048	2103
2048	2126
2049	1268
2049	2533
2050	501
2050	1575
2052	190
2052	1246
2052	1583
2053	67
2053	359
2053	859
2053	875
2053	1029
2053	1335
2053	1691
2053	1809
2053	2046
2053	2072
2053	2098
2053	2120
2053	2302
2053	2386
2053	2575
2056	202
2056	2412
2059	190
2059	2465
2059	2480
2061	240
2061	2452
2064	2392
2065	2560
2066	697
2068	1256
2069	24
2069	2271
2070	1337
2070	2241
2070	2346
2072	1252
2073	568
2073	1292
2073	2307
2074	406
2074	940
2076	1444
2077	504
2081	2022
2081	2555
2083	83
2085	1689
2085	2294
2086	843
2086	983
2086	1774
2089	1287
2090	2475
2091	2245
2094	851
2094	2098
2097	558
2099	26
2099	1479
2099	1483
2100	647
2100	2206
2101	128
2101	318
2101	1758
2101	2548
2102	1341
2104	1553
2105	1528
2107	93
2107	609
2107	1475
2107	1725
2108	937
2109	874
2111	116
2111	983
2111	1350
2111	1511
2113	113
2113	195
2116	40
2116	688
2118	428
2118	486
2118	671
2118	751
2118	760
2118	785
2118	1001
2118	1147
2118	1236
2118	1429
2118	1461
2118	1573
2118	1709
2118	2255
2118	2455
2119	984
2122	1826
2123	1609
2123	1767
2125	2527
2127	490
2127	2293
2128	1314
2129	223
2129	425
2129	602
2129	816
2129	1132
2129	1311
2129	2027
2129	2044
2129	2376
2129	2468
2130	76
2130	1145
2130	1681
2130	2032
2130	2161
2130	2167
2131	2000
2132	400
2132	737
2133	2351
2134	606
2134	752
2135	493
2135	1674
2137	1840
2137	2112
2137	2468
2141	982
2141	1864
2142	396
2143	648
2144	2154
2145	49
2145	1539
2145	1600
2145	1953
2146	466
2147	1845
2147	2374
2149	284
2150	2404
2153	137
2153	306
2153	664
2153	1500
2153	1581
2153	1609
2153	1721
2153	1767
2153	1886
2153	2094
2153	2223
2153	2420
2153	2563
2155	181
2155	768
2157	405
2157	835
2157	1142
2157	1406
2157	1572
2157	2126
2159	692
2159	1333
2162	919
2163	1070
2164	926
2166	839
2168	948
2173	428
2173	671
2173	804
2173	1456
2176	321
2176	2268
2183	400
2183	737
2185	124
2185	1431
2185	2262
2185	2309
2186	1457
2187	592
2187	759
2187	1394
2188	1260
2191	70
2191	2363
2195	2172
2196	1071
2196	1809
2196	2476
2199	2248
2199	2405
2200	269
2200	1950
2201	2214
2202	643
2202	877
2203	85
2203	1315
2203	1761
2203	1851
2206	69
2206	400
2210	477
2212	1919
2215	489
2215	649
2216	184
2216	1057
2217	1544
2218	1595
2222	1229
2222	1375
2222	1775
2222	2447
2224	1400
2226	322
2228	174
2230	239
2231	690
2231	1348
2231	1702
2232	677
2232	1322
2232	2413
2234	2106
2235	1150
2235	1419
2235	1544
2238	1800
2240	2078
2241	2582
2243	381
2243	942
2243	1222
2243	1671
2243	2093
2243	2198
2244	26
2244	1479
2244	1483
2244	2099
2244	2473
2245	1741
2246	109
2247	1414
2248	1396
2249	2319
2250	545
2251	2366
2257	131
2257	654
2258	1104
2258	1219
2258	1255
2259	434
2259	578
2259	1933
2259	2085
2259	2156
2260	566
2261	9
2261	244
2261	398
2262	124
2262	1431
2262	1601
2265	199
2266	199
2267	668
2269	2368
2270	2029
2272	1597
2274	791
2274	2205
2274	2346
2275	1828
2276	1637
2277	291
2277	340
2278	1079
2278	1225
2279	2424
2281	26
2281	127
2282	396
2283	129
2283	177
2283	202
2283	875
2283	1085
2283	1395
2283	1418
2283	1869
2283	2053
2283	2091
2283	2284
2283	2334
2283	2576
2286	821
2286	2252
2288	1600
2288	1883
2288	2311
2289	1850
2291	1957
2292	1076
2292	1833
2292	1975
2295	1042
2297	1920
2298	37
2298	1108
2301	658
2302	359
2302	1160
2302	2046
2303	59
2303	220
2303	1084
2303	1173
2303	1441
2303	1567
2303	1773
2304	2227
2305	515
2305	1858
2306	1599
2308	121
2308	158
2308	388
2308	721
2308	942
2308	2067
2312	306
2312	678
2312	2138
2312	2192
2313	300
2314	408
2314	877
2315	2038
2321	841
2321	2141
2322	1017
2324	1122
2325	642
2325	1934
2325	2452
2325	2547
2326	616
2326	1849
2327	1065
2328	1176
2329	757
2329	945
2331	2309
2332	592
2332	1129
2332	1170
2333	2231
2339	474
2339	2026
2340	2495
2342	250
2344	16
2344	187
2344	820
2344	1083
2344	1825
2345	274
2345	624
2345	958
2345	1731
2345	2242
2347	1112
2349	945
2349	1400
2349	1780
2349	2224
2351	149
2354	826
2355	468
2355	471
2355	628
2355	873
2355	1262
2355	1679
2355	1688
2355	2096
2355	2247
2360	381
2360	1671
2361	951
2361	1138
2361	1670
2362	1013
2363	2191
2365	1867
2365	2092
2367	384
2369	3
2369	304
2369	554
2369	1313
2369	1405
2369	1526
2369	1576
2369	2296
2369	2558
2373	523
2373	640
2373	1299
2373	1792
2373	2483
2374	1379
2374	1845
2375	389
2376	24
2376	242
2376	584
2376	843
2376	892
2376	1132
2376	1481
2376	1735
2376	2051
2376	2069
2376	2271
2376	2556
2377	72
2378	900
2379	42
2381	2362
2381	2464
2382	681
2382	1079
2382	1225
2382	1379
2382	1597
2382	1864
2383	587
2383	1875
2385	708
2385	1123
2385	2064
2385	2301
2385	2478
2388	2522
2389	757
2393	134
2393	302
2393	1351
2393	1839
2393	1891
2397	812
2397	1289
2397	1512
2397	1657
2397	1710
2400	158
2401	1715
2401	1885
2401	2216
2402	1283
2403	369
2403	619
2403	662
2405	1434
2405	1598
2405	2199
2405	2248
2409	1343
2414	2202
2415	212
2416	827
2416	1639
2417	2225
2418	759
2418	2338
2418	2360
2421	830
2421	2440
2423	1068
2428	782
2429	1570
2431	1038
2431	1625
2432	772
2437	357
2437	1059
2437	1536
2438	354
2438	903
2438	1349
2439	1386
2441	153
2441	317
2441	2142
2443	75
2443	1274
2443	1516
2443	1867
2444	243
2444	1877
2447	60
2447	1375
2447	1775
2447	2471
2448	810
2448	1238
2448	2302
2449	951
2450	353
2450	1711
2450	1945
2450	2500
2450	2580
2455	218
2455	648
2455	1293
2455	2143
2457	1638
2457	1694
2457	2228
2458	143
2459	720
2459	761
2460	58
2460	413
2460	1041
2460	1150
2460	1419
2465	517
2466	427
2466	534
2469	349
2469	1047
2469	1925
2470	2500
2471	60
2471	2447
2472	24
2472	174
2472	1710
2472	2228
2472	2271
2472	2398
2474	2035
2475	1194
2475	1257
2479	262
2479	364
2479	539
2479	1197
2479	2083
2479	2218
2481	653
2481	1551
2481	1834
2482	1385
2483	96
2485	1240
2485	1316
2487	435
2487	597
2487	1937
2488	1142
2490	1543
2491	1786
2492	19
2492	344
2492	425
2492	568
2492	627
2492	718
2492	856
2492	1062
2492	1098
2492	1180
2492	1317
2492	1386
2492	1543
2492	1577
2492	1611
2492	1641
2492	1646
2492	1661
2492	1668
2492	1858
2492	1949
2492	2259
2492	2278
2492	2392
2492	2484
2492	2558
2493	37
2494	2496
2495	2521
2497	1049
2497	1307
2497	1928
2497	1979
2497	2498
2500	250
2500	2395
2503	46
2503	288
2503	314
2503	732
2504	139
2504	1291
2504	1413
2504	1548
2511	1610
2514	702
2515	1077
2516	489
2518	1270
2520	271
2520	2075
2524	274
2524	474
2524	620
2524	716
2524	926
2524	1457
2524	2133
2524	2164
2524	2339
2525	2116
2526	19
2526	292
2526	393
2526	1325
2526	1911
2526	2564
2527	1229
2528	12
2528	22
2528	248
2528	370
2528	1323
2528	1578
2528	2124
2529	2177
2534	2280
2536	1294
2536	2386
2539	407
2540	1741
2540	2245
2540	2283
2542	651
2542	1212
2542	2009
2543	1138
2543	2179
2545	2017
2546	284
2546	475
2546	641
2546	872
2546	1155
2546	1350
2546	2149
2546	2308
2549	1749
2550	1595
2551	2239
2552	296
2553	1341
2553	2165
2556	182
2556	335
2556	1449
2556	1555
2556	1640
2556	1720
2556	1735
2556	2329
2557	146
2557	470
2557	628
2559	187
2559	1391
2559	2218
2559	2344
2559	2373
2561	902
2562	409
2565	43
2566	422
2569	141
2569	334
2569	1622
2570	1917
2573	2174
2574	363
2574	736
2574	1620
2574	1932
2575	2391
2577	65
2577	88
2577	504
2578	55
2578	1011
2579	27
2579	516
2581	468
2581	481
2581	2220
2581	2383
2583	675
2584	8
2585	1331
2585	1826
