0	1268
0	1743
1	602
1	2026
3	1374
4	1264
5	89
5	373
5	1083
5	1982
5	2030
5	2460
7	351
10	1492
10	2034
10	2518
11	257
11	1521
11	1606
11	1637
11	2373
12	789
13	2157
16	612
16	719
16	915
16	1767
16	1851
16	1998
16	2045
16	2048
18	1984
18	2076
18	2411
19	1136
19	1949
19	2149
20	29
20	641
20	1510
20	2131
20	2499
21	2477
23	1190
23	1707
23	2154
25	1275
25	2157
26	454
26	1361
26	1704
26	1776
26	2084
26	2558
29	1514
36	2350
38	1185
38	2583
39	128
39	1875
41	1840
42	2022
43	218
43	804
44	1872
47	1422
47	2307
48	54
48	113
48	284
48	454
48	461
48	482
48	569
48	770
48	866
48	1071
48	1161
48	1419
48	1525
48	1586
48	1719
48	1849
48	1909
48	2049
48	2118
48	2233
48	2321
48	2366
48	2518
50	1172
53	2
53	144
53	295
53	907
53	1034
53	1446
53	1857
53	1860
53	1940
53	2421
54	61
54	1272
54	1533
55	777
56	1235
59	1161
59	1467
59	2226
59	2378
60	1
60	602
60	1176
60	1448
61	1272
65	1130
65	2240
66	388
66	458
66	703
66	838
66	894
66	906
66	1053
66	1140
66	1200
66	1627
66	1656
66	1829
66	2190
67	677
68	512
68	2512
72	2220
73	389
73	2051
73	2113
73	2153
74	1125
76	1606
77	733
77	1338
77	1373
77	2073
77	2146
77	2433
79	1139
81	2301
83	2326
84	894
84	2190
86	1080
86	1743
86	1816
86	2115
86	2469
88	316
88	1344
88	1791
88	2231
88	2458
88	2539
89	5
89	373
89	1083
89	1231
89	1763
89	2578
91	2603
92	1109
93	973
95	28
95	189
95	329
95	385
95	534
95	982
95	1349
95	1693
95	1819
95	1979
95	2419
96	719
96	1593
97	350
97	547
97	1434
97	2322
97	2491
97	2549
99	877
101	525
101	1218
102	229
103	2294
106	986
106	2405
107	87
108	2017
109	167
109	305
109	357
109	514
109	567
109	568
109	716
109	741
109	847
109	938
109	1024
109	1114
109	1255
109	1292
109	1312
109	1441
109	1484
109	1676
109	1759
109	1846
109	1914
109	1952
109	1984
109	1997
109	2287
109	2376
109	2488
113	916
113	1730
116	381
116	951
116	1955
116	2136
118	1261
119	597
121	529
121	1783
122	15
122	554
122	852
122	2104
122	2533
123	272
123	968
123	1252
123	2099
123	2227
124	166
124	967
124	1058
124	1119
124	1527
124	1669
124	1713
124	2544
125	589
127	874
127	1755
127	2140
131	277
132	129
132	390
132	652
132	750
132	1788
132	1901
132	2562
135	114
135	720
135	1361
135	1750
135	2067
135	2572
136	871
137	22
137	615
137	732
137	832
137	2417
138	1284
138	2083
138	2105
139	637
139	1741
140	530
140	1837
145	520
146	84
146	197
146	409
146	414
146	722
146	796
146	1008
146	1098
146	1100
146	1134
146	1561
146	1613
146	1621
146	1790
146	1798
146	1817
146	1829
146	2057
146	2058
146	2297
146	2443
146	2560
147	2356
148	1322
148	1442
150	1101
150	1866
150	2458
151	1558
152	40
152	2466
154	1794
154	2173
154	2248
154	2465
155	448
155	732
157	569
157	1221
158	117
158	200
159	1264
159	1536
160	1046
160	1389
160	2043
160	2113
161	2335
162	520
164	252
164	593
164	2069
166	346
166	1259
166	1573
166	1635
168	1211
170	333
170	1301
170	1518
170	1617
170	1843
171	820
172	1222
172	1960
176	1438
177	560
177	666
177	1698
177	1951
177	2223
177	2599
179	5
179	373
180	241
180	769
180	1111
180	1211
180	1681
180	1762
180	2054
182	1773
183	292
183	698
184	1542
184	2593
187	1131
187	1684
190	2255
191	34
191	1033
191	2604
192	17
196	58
196	1658
202	1967
205	2583
206	171
206	760
206	2035
209	558
209	2278
210	195
210	1497
212	21
212	554
212	1398
213	331
213	2240
214	629
214	842
214	870
214	930
214	1588
214	2037
214	2419
216	2208
218	1080
218	1733
218	1872
220	187
220	459
220	692
220	809
220	1131
220	1523
220	2014
222	308
222	328
222	1253
222	1397
222	1923
226	1602
227	1122
229	102
232	227
232	325
232	740
232	783
232	1516
232	1948
232	2415
233	2247
237	1471
238	40
238	2519
240	944
240	2119
246	1742
253	288
253	431
253	682
253	915
253	981
253	1048
253	1146
253	1483
253	1663
253	1963
253	2130
253	2383
253	2431
256	1217
256	1300
256	2546
259	963
259	1341
260	565
262	378
262	590
262	729
262	1571
262	1620
262	1990
263	110
264	497
264	1459
264	1788
265	193
265	600
265	819
265	1958
266	426
266	1896
268	1919
270	8
270	267
270	1024
270	2564
271	386
271	2042
274	1641
277	2266
278	1812
278	2017
279	899
279	2141
280	2223
280	2480
281	1438
281	2189
282	115
282	1540
282	1870
283	1072
283	1705
284	1338
285	293
285	1099
285	1222
285	1223
285	1747
286	601
286	691
287	1768
289	434
290	2180
291	875
291	956
291	1049
291	1567
292	183
292	399
292	512
292	698
292	936
292	1304
292	2512
292	2519
294	1063
295	144
295	2597
299	714
300	58
300	1058
302	145
304	892
307	948
307	1704
309	618
311	2085
313	936
313	1135
313	1659
315	337
315	2336
317	246
317	289
317	461
317	462
317	822
317	1048
317	1212
317	1462
317	1476
317	1606
317	1651
317	1909
317	1940
317	2257
317	2378
319	2254
320	748
320	805
320	2529
321	251
321	1472
321	2292
322	1192
323	1533
323	2173
324	2081
324	2353
326	1807
327	80
332	1021
333	64
333	98
333	210
333	254
333	297
333	388
333	442
333	474
333	545
333	704
333	1020
333	1205
333	1272
333	1295
333	1436
333	1518
333	1533
333	1579
333	1617
333	1685
333	1743
333	1820
333	1843
333	1909
333	2015
333	2111
333	2237
333	2393
333	2447
333	2459
333	2503
333	2557
333	2572
335	920
335	1072
336	613
336	1712
339	1657
341	125
341	571
341	1507
342	2191
345	1358
346	63
347	965
347	1730
350	547
350	1897
354	2338
356	1074
356	1954
358	452
358	2076
358	2329
358	2345
358	2463
358	2540
360	2126
361	267
361	528
361	788
361	1196
361	1716
361	1822
361	1880
361	2192
362	105
368	49
368	359
368	415
368	1414
368	1740
368	2462
368	2607
373	2460
376	181
376	1227
376	1235
376	2609
377	2068
377	2448
378	897
378	957
379	1208
380	1245
381	450
381	624
381	1955
381	2019
382	1857
383	49
385	2361
386	1497
389	731
389	1727
389	2113
390	750
390	1704
391	1307
394	12
394	1293
395	851
395	1171
395	1494
396	550
397	123
400	1351
400	2534
405	1679
405	2194
409	549
411	774
413	623
413	1287
423	1174
423	1262
424	1137
425	569
425	2408
426	406
427	47
427	2307
427	2509
429	881
429	1336
429	1439
429	2006
429	2031
430	112
430	434
430	873
431	2312
432	371
432	2115
432	2245
432	2521
432	2535
433	2594
437	1838
438	350
439	687
442	15
442	210
442	2592
443	595
443	776
445	591
447	1689
447	1726
447	1856
449	999
451	1086
451	1457
451	1850
455	288
455	1745
455	1882
458	175
458	906
458	1053
458	1200
459	692
460	1401
461	113
461	284
461	288
461	1262
461	1338
461	1351
461	1445
461	1595
461	1834
461	1882
461	1909
461	1940
461	2070
461	2408
461	2597
462	488
463	90
463	1449
463	1776
463	2278
463	2575
465	258
465	1201
467	713
467	925
467	1220
467	1257
467	1528
467	1660
467	1946
467	2246
468	1135
470	802
471	617
471	635
471	721
471	1456
471	2325
473	1755
480	916
480	1730
483	618
483	873
484	406
485	1277
486	140
486	1304
486	1837
486	2055
487	70
487	1380
487	1413
487	2234
488	1294
489	423
489	1174
489	1555
490	1061
491	1565
491	2278
491	2575
492	12
492	28
492	318
492	329
492	444
492	1090
492	1356
492	1437
492	1499
492	1827
492	1884
492	1979
492	2133
496	235
498	439
498	1491
498	1608
498	1738
498	2150
499	151
499	233
499	768
499	2500
504	1481
507	1823
508	1256
508	1854
509	11
509	543
509	2202
509	2501
510	1713
511	1319
512	2512
513	1610
513	1978
513	1983
515	248
515	393
515	1167
517	1334
517	1461
517	1607
517	2193
519	1675
520	1123
521	1833
522	178
522	2314
523	414
524	1495
526	1725
527	894
527	2190
528	1822
531	2378
532	1019
532	1285
532	1567
533	2116
535	914
536	327
536	1329
536	1824
538	1113
538	1539
538	2475
542	2068
544	442
544	551
544	1000
544	2062
544	2365
544	2521
544	2592
545	333
546	2297
547	1945
548	1976
550	2236
556	495
556	1472
556	1825
556	2200
556	2397
556	2462
557	1318
557	2294
560	1928
561	741
561	938
561	950
561	1676
561	1759
561	2187
561	2412
563	334
563	352
563	856
563	2292
563	2477
564	1135
564	1659
568	938
568	1484
569	600
572	751
572	1251
572	1536
572	1776
572	1777
572	2129
572	2558
573	1333
573	1878
575	272
575	2099
577	860
578	387
578	1190
578	2154
578	2369
580	1100
582	287
582	1066
582	1768
583	1790
583	2413
585	512
585	887
585	1876
585	2368
586	1391
587	797
587	2280
587	2313
587	2392
588	631
588	867
588	2233
588	2559
591	446
593	252
594	2064
596	90
596	110
596	574
597	119
597	471
597	1456
597	1520
597	1671
597	1787
597	2075
597	2129
597	2573
599	419
599	689
599	1364
599	1432
600	1289
600	1354
600	1488
602	1448
602	1578
604	2402
605	705
605	2451
606	1538
607	296
607	642
607	768
607	832
607	878
607	1043
607	1181
607	1455
607	1694
607	1717
607	1774
607	2147
607	2515
608	947
610	1965
611	71
611	1271
613	312
613	2169
613	2221
613	2598
614	857
614	2112
614	2267
615	1088
618	1645
618	2375
618	2538
619	241
619	1072
619	1146
621	440
621	1867
622	1191
625	1869
626	1513
627	120
627	144
627	301
627	312
627	334
627	348
627	428
627	476
627	541
627	714
627	723
627	752
627	776
627	852
627	858
627	1017
627	1065
627	1156
627	1242
627	1301
627	1384
627	1497
627	1508
627	1615
627	1685
627	1705
627	1750
627	1912
627	1998
627	2104
627	2116
627	2170
627	2418
627	2483
627	2557
630	6
630	1859
632	971
633	402
633	2428
636	940
638	898
640	566
640	612
640	1584
643	939
643	1500
644	1415
647	2069
648	1168
652	772
653	1139
653	1270
655	536
655	1329
657	777
659	285
661	757
661	1088
661	1214
661	1759
661	2412
662	784
663	1275
664	741
667	127
667	584
667	1423
668	834
669	2338
672	1976
673	273
673	2160
674	2568
676	2158
678	82
678	153
678	570
678	607
678	929
678	1099
678	1122
678	1147
678	1566
678	1596
678	1668
678	1831
678	1965
678	1969
678	2123
678	2328
678	2567
679	840
679	2410
682	288
685	1550
685	1733
686	1537
686	1888
688	773
688	1179
689	2595
690	24
690	851
692	1857
693	681
693	2311
701	751
701	1477
701	1616
701	2032
704	43
707	1485
708	285
708	733
708	853
708	2033
708	2073
708	2146
708	2433
710	1362
712	1281
712	1527
712	1893
712	2544
714	162
714	302
714	584
714	1372
714	1949
714	2294
714	2323
714	2454
716	514
716	611
716	847
716	2376
717	1085
718	772
720	187
720	370
720	440
720	524
720	969
720	1339
720	1851
722	935
722	1134
722	2057
722	2218
724	82
724	1057
724	1365
727	302
727	526
727	714
727	972
727	1372
727	1725
727	2342
728	271
728	2094
730	68
730	266
730	512
730	1896
731	1487
731	1678
731	2055
731	2534
735	694
738	221
738	435
738	1047
738	1562
739	1634
740	1474
743	1712
744	365
745	1771
745	1789
746	697
746	1407
746	1632
747	1506
749	233
749	499
749	592
749	1664
749	2292
749	2477
754	185
754	847
755	628
755	639
755	823
755	1155
756	352
756	1088
757	732
758	1517
760	2525
761	1428
761	1845
762	1011
762	1989
764	962
764	1089
764	1120
764	1531
764	2554
765	1228
765	1661
766	801
768	641
768	1043
768	1624
770	10
770	112
770	565
770	1031
770	1131
770	2408
773	1179
773	1655
773	2038
773	2138
775	164
775	498
775	593
775	647
775	649
775	687
775	1267
775	1458
775	1738
775	2069
775	2071
775	2279
776	694
778	111
778	450
778	624
780	1637
780	2263
780	2373
781	345
781	799
781	1219
781	1642
781	2490
783	1035
783	2531
785	372
785	1000
785	1106
785	1253
785	1358
785	1577
785	1618
785	1849
785	1871
785	2203
785	2516
787	1266
787	1509
791	798
792	71
792	960
792	2131
793	2024
794	2007
796	197
796	409
796	1613
799	72
799	613
800	2228
801	439
801	766
801	1038
801	1712
802	470
803	1782
806	1819
806	2181
810	94
810	214
810	420
810	579
810	870
810	1451
810	2201
810	2400
811	802
811	1044
811	1222
811	1644
811	1797
812	1015
814	1169
814	1315
814	1549
814	1874
814	2162
814	2199
818	815
821	224
821	2537
822	1521
825	2041
826	974
826	1556
826	2200
827	1815
828	1281
828	1387
832	1488
832	1778
834	2039
834	2569
835	899
835	1260
835	2554
835	2595
836	392
836	1370
837	728
838	66
838	204
838	388
838	1042
838	1526
838	1627
839	1355
839	1886
841	17
841	192
841	1350
843	278
843	422
843	534
843	2399
843	2442
844	1396
846	829
847	1677
848	1394
848	2487
848	2606
850	871
851	786
853	2433
854	759
854	780
858	2212
859	940
859	2246
861	1799
863	1042
863	1436
864	2183
864	2314
865	331
866	1069
866	1492
866	1525
866	2034
866	2321
866	2380
867	1811
868	732
868	831
870	930
872	2126
872	2130
879	233
879	396
879	456
879	550
879	702
879	923
879	1018
879	2236
879	2414
882	464
883	1430
884	82
884	1213
884	1895
884	2146
885	147
885	1468
885	1687
886	306
886	372
886	902
886	911
886	943
886	1530
886	1926
886	2253
886	2340
888	1162
889	1919
889	2142
889	2311
891	30
891	1860
891	2606
892	304
893	1404
893	2478
895	612
895	2383
895	2471
895	2497
897	957
901	2343
903	217
903	2473
904	2468
906	458
906	1200
906	1627
906	1656
906	2190
907	1446
908	21
908	1692
909	1500
909	2334
909	2540
910	2432
911	730
911	1530
912	536
912	1329
913	244
915	2048
916	780
916	1394
916	1849
918	1260
923	456
923	550
923	2236
926	668
926	834
926	1296
926	1539
926	2009
926	2475
927	225
928	635
928	1465
928	2043
929	724
929	1050
929	1237
929	1424
929	1490
929	1516
929	1545
929	1640
929	1710
929	1714
929	1752
929	2310
929	2473
929	2535
931	343
931	1023
931	1170
931	1408
931	1834
933	1317
933	1629
933	1835
933	2121
934	227
934	2609
936	698
940	245
941	123
941	161
941	937
941	968
941	1073
941	1252
941	1308
941	1903
941	2227
941	2265
941	2335
941	2425
943	313
944	1020
946	1729
947	230
952	2319
953	2196
954	2098
956	157
956	559
956	819
956	908
956	1302
956	1775
956	1958
956	1960
956	2261
957	897
958	798
959	684
959	984
959	1497
959	1715
959	1821
959	2169
959	2221
959	2339
960	2326
961	711
964	937
964	971
966	2432
967	44
967	203
967	231
967	510
967	852
967	1334
967	1461
967	1466
967	1607
967	1713
967	1841
967	1893
967	2291
972	542
973	93
973	1216
974	495
974	1825
974	2027
974	2200
974	2509
975	1633
976	2142
978	2160
979	1008
982	1376
984	684
985	1236
987	2015
988	499
988	749
988	2546
990	1067
990	1987
990	2610
993	562
993	641
993	702
993	992
993	1163
993	1290
993	1510
993	1558
993	1614
993	2131
993	2247
993	2500
994	1524
995	808
995	2414
996	1316
997	1487
998	1625
999	449
1001	285
1001	1223
1001	1697
1002	290
1002	656
1002	833
1002	896
1002	922
1002	1320
1002	2180
1002	2183
1002	2222
1002	2234
1002	2392
1003	437
1003	901
1003	1857
1003	2260
1003	2397
1004	115
1004	282
1004	299
1004	436
1004	442
1004	544
1004	615
1004	621
1004	792
1004	993
1004	1276
1004	1540
1004	1700
1004	1751
1004	1870
1004	1994
1004	2499
1005	369
1006	1876
1013	1881
1014	1127
1014	1288
1014	1412
1014	1564
1014	2100
1016	243
1016	1186
1016	1630
1017	360
1017	541
1017	1355
1017	2492
1018	25
1018	174
1018	338
1018	396
1018	452
1018	456
1018	550
1018	879
1018	1215
1018	1275
1018	1734
1018	2003
1018	2236
1018	2344
1018	2394
1019	592
1019	1467
1022	18
1022	35
1022	69
1022	648
1022	676
1022	856
1022	882
1022	1000
1022	1149
1022	1187
1022	1431
1022	1618
1022	1835
1022	2121
1022	2329
1023	1112
1025	766
1025	1267
1025	1608
1025	2069
1026	281
1026	486
1026	2055
1027	2149
1028	1808
1029	957
1029	2319
1031	931
1031	2210
1038	766
1038	801
1039	1937
1039	2407
1040	2379
1043	21
1043	128
1043	136
1043	173
1043	296
1043	301
1043	341
1043	369
1043	757
1043	832
1043	908
1043	1009
1043	1290
1043	1450
1043	1488
1043	1624
1043	1692
1043	1717
1043	1814
1043	1876
1043	2016
1043	2163
1043	2172
1043	2413
1043	2441
1044	105
1045	1053
1046	389
1046	1389
1046	1727
1049	291
1049	875
1049	1926
1050	452
1050	1379
1050	2463
1051	271
1051	1076
1051	1336
1051	2031
1051	2523
1052	582
1052	1768
1054	1557
1054	2487
1056	22
1056	122
1056	167
1056	942
1056	1607
1056	1664
1056	1997
1056	2078
1056	2104
1060	726
1060	1840
1060	2385
1060	2598
1064	754
1064	1766
1064	1794
1064	1910
1064	2182
1064	2232
1066	37
1066	61
1066	100
1066	226
1066	287
1066	477
1066	613
1066	726
1066	770
1066	774
1066	1112
1066	1204
1066	1287
1066	1460
1066	1469
1066	1512
1066	1602
1066	1690
1066	1708
1066	1743
1066	1790
1066	1920
1066	2097
1066	2111
1066	2290
1066	2330
1066	2362
1066	2528
1069	2040
1070	719
1070	725
1070	915
1070	1669
1070	1767
1070	2045
1070	2048
1075	683
1075	2254
1076	2523
1076	2524
1077	991
1078	1957
1078	2031
1079	560
1079	666
1079	989
1080	2469
1081	19
1081	1027
1081	1136
1087	17
1087	99
1087	128
1087	169
1087	457
1087	902
1087	1228
1087	1824
1087	2013
1087	2027
1087	2509
1088	675
1089	623
1089	962
1089	1120
1091	618
1091	822
1091	1521
1091	2538
1094	489
1098	344
1098	1299
1099	228
1101	552
1101	947
1101	1492
1101	1616
1101	1866
1101	2034
1101	2380
1103	1313
1105	973
1105	2552
1107	739
1107	2481
1112	1920
1112	2296
1114	445
1114	1546
1114	1720
1114	2287
1115	2557
1116	1286
1116	1465
1116	1758
1116	2589
1117	660
1118	1602
1118	2330
1120	1212
1121	887
1121	938
1121	1214
1121	1435
1121	2163
1122	900
1122	2531
1123	145
1123	520
1126	393
1126	983
1127	1412
1127	1564
1127	1931
1127	1972
1127	2100
1128	153
1129	21
1129	757
1129	1653
1131	100
1131	101
1131	136
1131	229
1131	234
1131	308
1131	475
1131	503
1131	565
1131	584
1131	623
1131	654
1131	688
1131	699
1131	704
1131	793
1131	1023
1131	1119
1131	1162
1131	1204
1131	1218
1131	1393
1131	1397
1131	1402
1131	1408
1131	1587
1131	1598
1131	1609
1131	1626
1131	1662
1131	1683
1131	1690
1131	1792
1131	1810
1131	1815
1131	1871
1131	1960
1131	1964
1131	2050
1131	2091
1131	2135
1131	2168
1131	2241
1131	2337
1131	2408
1131	2416
1131	2542
1131	2557
1131	2596
1132	102
1133	736
1133	968
1133	2227
1134	409
1134	549
1134	722
1134	737
1134	796
1134	935
1134	1008
1134	1100
1134	1479
1134	1613
1134	2057
1134	2218
1134	2297
1134	2443
1138	1286
1138	1465
1138	2589
1141	134
1141	2095
1141	2504
1142	1779
1145	189
1145	810
1147	293
1151	2211
1153	1437
1154	208
1154	1780
1156	2170
1158	573
1158	739
1158	917
1158	1107
1158	1861
1158	1987
1159	1799
1159	2571
1161	488
1161	1745
1161	2501
1162	799
1162	1911
1162	2139
1166	845
1170	931
1170	1408
1172	766
1175	579
1176	1
1176	602
1176	1068
1176	1448
1176	1578
1177	428
1179	752
1179	773
1179	2038
1179	2138
1180	299
1180	1276
1180	1700
1181	1778
1188	1919
1189	1197
1190	1707
1192	322
1193	1640
1193	2502
1195	832
1195	1335
1195	1472
1195	2292
1197	242
1197	1597
1198	1375
1200	458
1202	158
1202	1169
1204	201
1206	165
1206	197
1206	409
1206	722
1206	737
1206	796
1206	935
1206	1134
1206	1318
1206	1479
1206	1561
1206	1621
1206	2057
1206	2058
1206	2137
1206	2443
1207	1434
1207	1836
1207	2586
1209	38
1209	1454
1212	581
1212	1500
1212	1796
1212	1833
1212	2088
1212	2202
1212	2234
1212	2334
1222	1343
1224	2208
1225	1584
1225	1606
1227	1235
1230	454
1230	795
1230	1415
1230	2347
1232	1386
1232	1585
1232	2507
1233	919
1234	1406
1235	1227
1237	506
1237	561
1237	1795
1237	1952
1243	874
1243	1671
1244	1737
1246	178
1246	2314
1247	1139
1247	1270
1251	110
1251	574
1251	1536
1251	2053
1251	2558
1253	308
1253	1360
1253	1381
1253	1577
1255	1104
1256	1108
1256	1808
1256	2510
1258	2180
1259	1756
1263	2383
1265	1127
1265	1288
1265	1412
1265	1564
1265	1931
1265	2100
1267	2150
1270	79
1270	261
1270	431
1270	645
1270	1247
1270	1313
1270	2312
1270	2472
1273	357
1273	393
1273	591
1273	705
1273	1232
1273	1751
1273	1961
1273	2424
1273	2451
1273	2570
1274	1294
1275	663
1275	1352
1275	2157
1275	2394
1276	1700
1276	2532
1278	2316
1280	51
1280	589
1280	2564
1281	603
1281	828
1281	1635
1281	2065
1283	700
1283	1281
1283	1387
1284	900
1284	2105
1285	109
1285	343
1285	716
1285	721
1286	928
1286	1389
1293	12
1293	394
1293	485
1293	1898
1295	2237
1296	185
1296	668
1296	680
1296	834
1296	1082
1296	1241
1296	2039
1296	2475
1300	256
1303	1124
1303	2529
1304	451
1305	258
1305	1201
1306	2124
1308	33
1309	351
1309	583
1310	676
1311	847
1311	1677
1312	1441
1315	50
1315	921
1315	1362
1315	2191
1315	2389
1315	2427
1317	416
1321	1707
1321	2154
1322	186
1326	12
1326	34
1326	108
1326	119
1326	189
1326	274
1326	329
1326	789
1326	1194
1326	1293
1326	1649
1326	1901
1326	2017
1326	2331
1326	2461
1327	688
1327	846
1329	80
1329	104
1329	327
1329	536
1329	655
1329	1824
1329	2582
1330	887
1331	924
1331	1214
1331	2360
1332	898
1333	2347
1336	881
1337	1151
1337	1666
1337	2515
1339	2038
1340	2041
1341	2030
1341	2457
1342	18
1344	341
1344	378
1344	1405
1344	1563
1344	2231
1344	2458
1346	1594
1347	35
1347	351
1347	416
1347	500
1347	554
1347	831
1347	1317
1347	1431
1347	1994
1347	2158
1347	2300
1348	1606
1349	385
1349	1194
1350	695
1351	2281
1351	2437
1352	663
1353	129
1357	2387
1358	529
1358	871
1359	38
1359	1185
1359	1465
1359	1493
1359	1732
1359	1758
1359	2325
1359	2368
1360	6
1362	710
1362	1152
1365	2601
1366	1391
1366	1400
1366	1649
1366	1818
1368	1450
1371	2197
1373	1144
1377	418
1377	817
1378	905
1378	1731
1379	808
1379	876
1379	1490
1379	2414
1383	1926
1384	752
1385	918
1385	1529
1386	1585
1386	1759
1386	1868
1386	2507
1387	787
1387	1266
1388	105
1389	407
1389	2583
1392	945
1395	457
1395	1877
1395	2284
1398	697
1398	1011
1398	1056
1398	1862
1400	1688
1400	2159
1401	460
1401	1714
1402	813
1403	1806
1404	1044
1404	2478
1405	658
1405	771
1405	1032
1407	1632
1410	494
1410	535
1417	64
1417	234
1417	239
1417	254
1417	355
1417	453
1417	482
1417	526
1417	555
1417	699
1417	726
1417	793
1417	869
1417	931
1417	949
1417	966
1417	970
1417	994
1417	1023
1417	1112
1417	1142
1417	1197
1417	1238
1417	1298
1417	1375
1417	1409
1417	1419
1417	1445
1417	1460
1417	1469
1417	1534
1417	1550
1417	1581
1417	1586
1417	1690
1417	1708
1417	1725
1417	1779
1417	1792
1417	1865
1417	1920
1417	1935
1417	1949
1417	1975
1417	2023
1417	2074
1417	2091
1417	2111
1417	2149
1417	2209
1417	2219
1417	2290
1417	2296
1417	2323
1417	2337
1417	2366
1417	2401
1417	2404
1417	2482
1422	47
1424	1050
1424	2123
1424	2310
1425	1535
1425	2381
1426	1170
1426	1402
1426	1854
1427	706
1428	105
1428	1504
1428	2005
1429	2251
1433	1119
1433	1531
1433	1669
1433	1778
1433	1806
1433	2130
1433	2243
1433	2383
1434	251
1434	380
1434	410
1434	518
1434	753
1434	1245
1434	1438
1434	1718
1434	1773
1434	1794
1434	2289
1434	2322
1434	2465
1439	215
1440	1382
1441	830
1444	349
1444	1854
1445	1419
1445	1586
1448	60
1448	440
1448	1068
1448	1578
1452	296
1452	732
1452	1165
1452	1692
1452	2064
1452	2445
1452	2449
1453	1376
1455	607
1456	73
1456	347
1456	532
1456	760
1456	866
1456	1065
1456	1071
1456	1144
1456	1212
1456	1371
1456	1390
1456	1399
1456	1525
1456	1611
1456	1883
1456	2040
1456	2088
1456	2183
1456	2234
1456	2239
1456	2251
1456	2263
1456	2371
1456	2573
1457	1086
1459	574
1460	126
1461	231
1461	502
1461	510
1461	517
1461	839
1461	967
1461	1270
1461	1334
1461	2282
1462	733
1462	1711
1463	404
1463	2430
1464	706
1464	905
1464	1427
1464	2480
1465	1493
1465	2196
1466	1335
1466	1472
1466	1744
1466	1917
1466	2431
1467	2154
1468	885
1468	1183
1468	1687
1468	2356
1472	832
1472	1335
1472	2292
1475	2116
1477	33
1477	751
1477	867
1477	964
1477	2252
1480	1144
1481	2587
1482	334
1482	1137
1482	1211
1482	2158
1482	2592
1483	682
1484	1914
1489	875
1489	1049
1489	1077
1489	1926
1491	439
1491	626
1491	687
1491	803
1491	1202
1491	1486
1491	1738
1491	1874
1491	1970
1491	2071
1491	2150
1491	2537
1496	1830
1498	2485
1501	467
1502	985
1502	1236
1502	2269
1504	187
1504	1524
1505	2044
1507	1546
1508	799
1510	641
1511	1541
1511	2276
1512	874
1512	917
1512	1158
1512	2081
1515	176
1516	783
1516	1096
1517	758
1520	70
1520	1671
1522	113
1522	181
1522	236
1522	284
1522	289
1522	295
1522	364
1522	462
1522	480
1522	643
1522	677
1522	715
1522	873
1522	965
1522	1034
1522	1071
1522	1101
1522	1161
1522	1289
1522	1338
1522	1557
1522	1772
1522	1828
1522	1852
1522	1908
1522	2070
1522	2122
1522	2171
1522	2322
1522	2345
1522	2377
1522	2487
1522	2597
1525	11
1525	236
1525	257
1525	284
1525	303
1525	330
1525	347
1525	461
1525	462
1525	480
1525	483
1525	488
1525	543
1525	618
1525	770
1525	780
1525	848
1525	854
1525	866
1525	873
1525	916
1525	939
1525	955
1525	994
1525	1054
1525	1065
1525	1144
1525	1274
1525	1289
1525	1294
1525	1339
1525	1470
1525	1492
1525	1519
1525	1611
1525	1637
1525	1651
1525	1711
1525	1719
1525	1773
1525	1852
1525	1860
1525	1882
1525	1908
1525	1909
1525	1940
1525	2034
1525	2040
1525	2049
1525	2122
1525	2128
1525	2183
1525	2233
1525	2263
1525	2274
1525	2275
1525	2321
1525	2322
1525	2334
1525	2373
1525	2377
1525	2487
1525	2501
1531	0
1531	72
1531	962
1531	1089
1531	1643
1531	1696
1531	1734
1531	1918
1531	1971
1531	2344
1532	279
1532	835
1532	1939
1535	1864
1535	2381
1540	20
1540	1434
1540	1652
1540	1870
1541	1511
1541	2430
1544	696
1546	2320
1547	31
1547	78
1547	1306
1547	1357
1547	1579
1547	1900
1547	2093
1547	2229
1547	2363
1547	2387
1548	800
1548	1425
1548	1573
1548	1864
1548	2228
1548	2276
1548	2381
1548	2430
1549	2205
1551	1421
1552	1670
1552	1727
1552	2043
1552	2113
1553	466
1553	566
1553	899
1553	2045
1553	2141
1553	2375
1554	219
1559	14
1559	142
1559	407
1559	412
1559	469
1559	504
1559	540
1559	782
1559	1279
1559	1291
1559	1328
1559	1420
1559	1481
1559	2127
1559	2307
1559	2396
1559	2587
1560	2157
1561	197
1561	722
1561	935
1561	1916
1561	2057
1564	1412
1564	1972
1565	571
1565	772
1568	704
1569	763
1569	1662
1571	503
1571	1449
1571	1587
1571	2159
1571	2372
1572	417
1572	966
1572	1798
1572	2005
1574	392
1574	1904
1575	586
1575	1391
1575	1437
1576	304
1576	892
1576	964
1576	1252
1579	219
1580	1443
1580	2233
1581	1065
1581	2597
1583	495
1583	1911
1589	652
1590	186
1590	1322
1590	2252
1591	1491
1591	2018
1592	401
1592	680
1593	1643
1593	1734
1593	2344
1599	1671
1600	2314
1601	616
1603	198
1603	650
1603	2316
1604	1325
1604	1363
1604	2167
1604	2574
1610	275
1610	513
1610	1978
1611	328
1611	493
1611	1248
1611	1314
1611	1701
1611	1834
1611	2027
1611	2163
1611	2207
1611	2489
1612	2473
1615	2062
1616	552
1619	105
1619	1044
1619	2370
1619	2478
1620	262
1620	729
1621	1561
1621	1865
1621	2137
1623	483
1623	1719
1624	128
1624	173
1624	296
1624	819
1624	1043
1624	1488
1624	1775
1624	1814
1624	1835
1624	1958
1629	2535
1630	807
1630	1186
1631	2362
1636	85
1636	315
1636	337
1636	2336
1638	1146
1639	38
1639	1209
1639	1454
1640	325
1640	783
1640	1193
1640	1474
1640	1516
1641	274
1641	634
1641	932
1641	1691
1641	2400
1641	2441
1644	1797
1646	314
1647	743
1647	1712
1649	1753
1650	378
1651	955
1651	2213
1652	617
1652	1860
1654	1363
1654	2003
1654	2434
1654	2574
1660	713
1660	925
1661	849
1661	1007
1661	1184
1661	1228
1661	1938
1662	763
1662	1569
1664	334
1664	352
1664	1056
1664	1111
1664	1211
1664	1692
1665	774
1666	1240
1666	2546
1667	1092
1668	134
1668	1035
1673	1724
1676	18
1676	1759
1676	1984
1680	546
1680	2058
1682	363
1684	686
1684	1888
1684	2014
1686	685
1686	1733
1687	147
1690	996
1690	1316
1692	2172
1693	534
1694	705
1694	2451
1695	921
1695	2199
1698	2480
1699	218
1699	804
1699	885
1699	1097
1700	1276
1700	2532
1702	1762
1704	390
1706	351
1706	583
1706	1416
1706	1692
1706	2299
1709	628
1709	639
1709	757
1709	856
1709	2011
1712	336
1712	801
1715	684
1715	1648
1719	112
1722	788
1722	1641
1722	2325
1723	646
1725	79
1725	526
1726	141
1726	148
1727	407
1727	1185
1727	1279
1728	223
1728	670
1728	697
1728	746
1728	908
1728	1030
1728	1043
1728	1254
1728	1346
1728	1407
1728	1947
1728	2299
1728	2507
1730	288
1730	916
1731	706
1731	1378
1731	1427
1733	1097
1735	379
1736	1315
1736	2427
1740	359
1740	992
1740	1614
1741	2591
1742	466
1744	1917
1745	455
1746	1541
1747	1194
1747	1823
1748	340
1748	1059
1748	1478
1748	1674
1749	1911
1751	359
1751	457
1751	695
1751	992
1751	2086
1751	2513
1752	227
1752	232
1752	325
1752	783
1752	1516
1752	1948
1752	2095
1752	2415
1752	2502
1752	2531
1754	764
1754	1089
1754	1299
1754	1669
1754	1971
1754	1998
1754	2045
1754	2250
1755	249
1755	971
1755	1560
1755	2371
1755	2454
1756	1929
1757	2527
1760	2252
1761	2535
1763	1083
1764	601
1764	651
1764	691
1764	1182
1764	1390
1768	1801
1769	568
1769	1229
1769	1232
1769	1484
1769	1914
1770	2272
1771	1789
1771	2256
1771	2486
1774	768
1774	1043
1774	1184
1774	1661
1776	1589
1781	1228
1781	2512
1784	38
1784	953
1784	1454
1784	1493
1784	2550
1785	156
1785	2248
1786	41
1787	1
1787	19
1787	28
1787	65
1787	74
1787	75
1787	90
1787	94
1787	108
1787	186
1787	202
1787	214
1787	264
1787	274
1787	318
1787	329
1787	331
1787	378
1787	394
1787	420
1787	422
1787	444
1787	471
1787	478
1787	481
1787	492
1787	496
1787	503
1787	534
1787	539
1787	552
1787	573
1787	576
1787	584
1787	597
1787	636
1787	686
1787	709
1787	736
1787	751
1787	797
1787	810
1787	843
1787	855
1787	859
1787	864
1787	865
1787	870
1787	897
1787	940
1787	941
1787	957
1787	982
1787	1073
1787	1081
1787	1107
1787	1130
1787	1153
1787	1175
1787	1194
1787	1210
1787	1251
1787	1258
1787	1269
1787	1277
1787	1293
1787	1376
1787	1377
1787	1390
1787	1405
1787	1418
1787	1437
1787	1449
1787	1451
1787	1499
1787	1520
1787	1563
1787	1565
1787	1570
1787	1582
1787	1588
1787	1616
1787	1641
1787	1650
1787	1679
1787	1688
1787	1691
1787	1753
1787	1777
1787	1788
1787	1791
1787	1805
1787	1823
1787	1844
1787	1855
1787	1883
1787	1901
1787	1990
1787	2026
1787	2032
1787	2037
1787	2053
1787	2059
1787	2063
1787	2075
1787	2084
1787	2102
1787	2118
1787	2121
1787	2135
1787	2159
1787	2181
1787	2201
1787	2222
1787	2239
1787	2254
1787	2255
1787	2264
1787	2288
1787	2331
1787	2368
1787	2372
1787	2382
1787	2423
1787	2441
1787	2461
1787	2562
1787	2565
1787	2573
1787	2610
1788	324
1788	652
1788	718
1788	1361
1788	1565
1788	1589
1788	1777
1788	1830
1788	2129
1788	2278
1788	2575
1790	85
1790	337
1790	2336
1791	1032
1791	2231
1791	2458
1791	2539
1792	54
1792	254
1792	2027
1794	251
1794	1718
1797	802
1798	146
1798	2089
1800	1184
1800	1368
1800	1407
1800	1877
1801	194
1802	1080
1803	298
1806	2554
1807	326
1809	2513
1812	2251
1813	1804
1815	2523
1817	1008
1819	479
1819	503
1819	537
1819	1449
1819	2181
1820	333
1820	474
1820	476
1820	1579
1821	35
1826	635
1828	2597
1831	607
1831	678
1831	1050
1831	1141
1831	1424
1831	1640
1831	2095
1831	2504
1831	2567
1832	63
1832	787
1832	828
1832	1387
1832	1509
1832	1573
1832	1756
1832	1980
1836	143
1836	193
1836	357
1836	568
1836	767
1836	946
1836	988
1836	1088
1836	1232
1836	1248
1836	1253
1836	1314
1836	1740
1836	1769
1836	1914
1836	1942
1836	2165
1836	2441
1836	2472
1836	2516
1836	2607
1837	30
1837	512
1837	2512
1839	141
1839	1442
1843	273
1844	132
1844	833
1844	1411
1844	1543
1844	1739
1844	2222
1844	2421
1847	1793
1848	341
1848	816
1852	2
1853	2068
1856	1689
1856	2096
1858	1109
1858	1199
1859	213
1859	331
1859	1130
1863	2046
1868	1585
1869	32
1869	348
1869	541
1869	1037
1869	1062
1869	1517
1869	2492
1870	115
1870	1540
1872	542
1872	2068
1873	249
1873	576
1873	1370
1883	88
1883	286
1883	316
1883	658
1883	771
1883	880
1883	1032
1883	1791
1883	2232
1883	2421
1883	2438
1883	2458
1883	2539
1884	163
1884	2181
1885	798
1886	1150
1886	1355
1887	2527
1891	612
1891	1225
1891	1584
1891	1963
1891	2249
1891	2520
1892	446
1892	2549
1893	510
1893	967
1893	1334
1893	1461
1893	1713
1893	2291
1894	37
1894	472
1895	1282
1896	484
1899	790
1900	2124
1900	2229
1902	2272
1903	2425
1904	392
1904	836
1904	1370
1905	2177
1906	10
1906	1495
1907	199
1909	434
1912	384
1912	694
1912	1373
1912	1615
1914	2549
1915	52
1915	246
1915	669
1915	700
1915	828
1915	1259
1915	1281
1915	1387
1915	1635
1915	2327
1915	2338
1916	546
1916	2297
1917	1744
1919	1096
1919	2142
1920	1023
1920	1112
1922	2046
1922	2572
1923	328
1923	1871
1924	1696
1925	43
1925	490
1925	1061
1925	1297
1926	1214
1927	355
1927	1765
1927	2401
1930	1250
1931	1127
1931	2100
1932	1860
1933	1983
1934	1921
1935	271
1935	386
1935	2238
1936	243
1936	1016
1938	1007
1939	455
1939	640
1939	835
1939	1742
1940	609
1941	589
1941	1808
1942	506
1942	1004
1942	1126
1942	1137
1942	1187
1942	1237
1942	1314
1942	1889
1942	1959
1942	2062
1943	870
1943	1739
1943	2421
1944	1541
1947	223
1947	670
1950	181
1950	1683
1950	2435
1951	905
1953	1212
1953	1500
1953	1519
1953	1796
1953	1833
1953	1908
1953	2106
1955	381
1955	450
1955	2136
1956	285
1956	470
1956	508
1956	646
1956	688
1956	708
1956	811
1956	1001
1956	1044
1956	1045
1956	1222
1956	1223
1956	1270
1956	1327
1956	1644
1956	1705
1956	1723
1956	1841
1956	2119
1956	2413
1957	1672
1957	2006
1959	2327
1961	446
1961	514
1961	2549
1962	657
1963	981
1963	1584
1963	1891
1964	490
1964	840
1964	1297
1965	610
1965	2179
1966	49
1966	408
1966	860
1966	1180
1966	1198
1966	1276
1966	1700
1966	2211
1966	2358
1966	2532
1968	204
1968	1526
1968	1829
1968	2089
1969	180
1969	462
1969	488
1969	615
1969	675
1969	1111
1969	1377
1969	2077
1974	68
1977	1082
1980	828
1981	1241
1982	373
1982	2460
1984	9
1985	536
1986	440
1986	2115
1987	1333
1987	1878
1988	367
1989	1984
1990	75
1990	378
1990	479
1990	537
1990	636
1990	709
1990	717
1990	797
1990	842
1990	982
1990	1085
1990	1210
1990	2565
1991	134
1991	2504
1992	615
1992	673
1992	742
1992	978
1992	1343
1992	2160
1993	1143
1993	2030
1993	2457
1993	2552
1995	370
1995	1242
1995	1369
1995	1655
1995	1750
1995	1863
1995	2144
1995	2572
1996	392
1996	1370
1997	831
1997	1664
1998	719
1999	165
2000	1879
2001	423
2001	658
2001	1866
2001	2063
2002	2611
2004	440
2004	481
2004	804
2004	813
2004	1761
2004	1816
2005	146
2005	1249
2005	1865
2005	1968
2008	374
2009	185
2010	2422
2012	730
2015	987
2015	1622
2016	1148
2016	2351
2019	2430
2020	1351
2020	2437
2021	1214
2022	1422
2023	328
2023	333
2023	815
2023	818
2023	869
2023	1256
2023	1398
2023	1825
2026	353
2028	2114
2029	598
2031	429
2031	881
2031	1078
2031	1439
2031	1517
2031	2523
2032	186
2032	487
2032	701
2032	739
2032	945
2032	1107
2032	1243
2032	1520
2032	2255
2032	2481
2033	1282
2035	206
2036	1098
2036	1299
2037	1881
2037	2313
2038	370
2038	752
2038	1655
2038	1863
2038	2600
2039	1241
2039	2569
2041	2536
2043	1046
2047	1025
2047	2283
2049	543
2052	2432
2053	290
2053	890
2053	2558
2054	375
2054	1111
2054	1618
2054	1681
2058	2297
2059	1418
2060	1573
2060	1980
2062	2516
2064	1558
2065	787
2066	2562
2067	1219
2067	1369
2067	2025
2070	112
2070	289
2070	1071
2070	1852
2070	2226
2070	2540
2071	1869
2072	1317
2072	1835
2075	26
2075	1251
2075	1496
2075	2108
2075	2133
2075	2547
2078	654
2078	1160
2078	1607
2078	1609
2079	344
2079	1299
2079	2560
2080	275
2080	1610
2080	1978
2080	2230
2082	195
2082	1278
2083	18
2083	69
2083	882
2083	900
2083	1041
2083	1055
2083	1122
2083	1178
2083	1187
2083	1365
2083	1721
2083	1842
2083	2076
2083	2105
2083	2130
2083	2152
2083	2329
2083	2601
2087	2388
2087	2436
2090	195
2090	2490
2090	2506
2092	247
2095	207
2095	2415
2096	2588
2100	1288
2101	1500
2102	27
2102	2298
2103	1367
2103	2268
2103	2369
2105	1284
2106	581
2106	1323
2107	417
2107	966
2107	2432
2108	278
2109	1473
2110	516
2113	2051
2113	2583
2115	86
2117	2320
2118	864
2118	1805
2119	1518
2121	1317
2122	509
2122	2501
2126	360
2126	872
2126	2130
2128	1294
2131	29
2131	1514
2132	664
2132	2235
2133	129
2133	324
2133	1565
2133	1788
2133	2575
2134	1371
2134	2197
2134	2548
2135	1587
2137	1561
2139	96
2139	623
2139	1506
2139	1754
2140	964
2141	62
2141	899
2143	119
2143	597
2143	1380
2143	1542
2143	1787
2145	117
2145	200
2148	704
2150	439
2150	766
2150	775
2150	1173
2150	1458
2150	1608
2150	1738
2150	2071
2150	2283
2150	2479
2151	1010
2155	1859
2156	1644
2156	1797
2159	503
2160	1343
2161	229
2161	436
2161	615
2161	837
2161	1158
2161	1340
2161	2056
2161	2399
2161	2494
2162	79
2162	1171
2162	1713
2162	2061
2162	2193
2163	410
2163	753
2164	2374
2165	143
2165	620
2165	767
2166	505
2168	1872
2168	2144
2168	2494
2171	715
2172	1009
2174	665
2174	1324
2175	1239
2176	52
2176	346
2176	1573
2176	1980
2177	1877
2177	2397
2178	478
2180	290
2181	2429
2184	1012
2185	139
2185	312
2185	682
2185	802
2185	1017
2185	1177
2185	1531
2185	1615
2185	1644
2185	1750
2185	1797
2185	1918
2185	2126
2185	2591
2186	185
2188	416
2188	1168
2188	1607
2194	945
2195	1095
2196	953
2198	351
2198	860
2200	495
2200	974
2201	1451
2205	439
2205	687
2205	1486
2205	2071
2205	2537
2206	1601
2214	1460
2214	2290
2214	2336
2215	753
2216	1226
2216	1304
2216	1487
2216	1678
2217	774
2217	1423
2220	72
2220	2385
2224	2204
2225	1096
2225	1842
2228	2276
2229	2241
2230	275
2230	1978
2231	658
2231	771
2231	902
2232	88
2232	1344
2232	1791
2232	1883
2232	2438
2235	71
2235	410
2239	489
2242	501
2242	666
2242	2543
2243	188
2243	1084
2244	1578
2245	2056
2246	467
2249	1403
2249	1806
2249	2471
2251	1429
2253	327
2255	178
2257	246
2258	905
2258	1427
2259	2437
2261	2138
2262	1176
2262	1448
2262	1578
2267	2112
2268	2609
2270	968
2270	1252
2270	2125
2271	20
2271	29
2271	641
2271	1510
2271	2131
2271	2499
2274	112
2276	1425
2277	2346
2278	558
2278	1264
2279	665
2279	2386
2281	2101
2282	839
2285	133
2285	671
2286	1131
2286	1249
2286	1287
2286	2470
2287	445
2287	591
2287	2117
2287	2187
2287	2320
2289	251
2289	323
2289	408
2289	1503
2290	1460
2290	1636
2293	204
2293	1526
2294	204
2295	2389
2297	2058
2299	1632
2301	808
2301	2234
2301	2369
2302	1861
2303	1672
2303	2006
2304	345
2306	2447
2308	29
2308	128
2308	151
2308	1007
2308	1558
2309	372
2309	406
2309	2027
2310	130
2310	180
2310	1424
2310	1447
2310	1902
2310	2083
2310	2123
2310	2311
2310	2360
2310	2375
2310	2602
2313	2280
2315	669
2315	1635
2315	2120
2315	2338
2317	211
2318	2001
2321	980
2321	1069
2322	904
2323	1949
2325	40
2325	468
2325	1135
2329	366
2329	1762
2329	2076
2330	61
2330	226
2330	1110
2330	1469
2330	1602
2330	1804
2330	2144
2331	1437
2332	528
2332	1822
2332	1890
2332	2268
2333	1157
2333	1634
2335	123
2335	161
2335	340
2335	397
2335	736
2335	968
2335	1252
2335	2099
2335	2125
2339	312
2339	694
2339	2169
2340	306
2341	420
2341	902
2342	972
2342	2068
2348	862
2348	2172
2349	1044
2349	2149
2351	1148
2352	657
2352	777
2352	1962
2352	2476
2352	2574
2353	629
2353	1588
2354	779
2354	1203
2355	772
2355	971
2357	337
2357	2336
2357	2450
2358	605
2358	1155
2358	1198
2359	2258
2364	486
2364	2055
2365	2521
2367	192
2367	399
2367	841
2367	1109
2367	1858
2367	1913
2368	266
2368	628
2368	639
2368	1732
2368	1760
2370	1139
2371	971
2371	1429
2371	1812
2371	2251
2376	847
2377	480
2377	483
2377	1294
2377	1443
2377	1519
2377	1711
2377	2122
2377	2128
2377	2275
2382	390
2382	1704
2383	977
2383	1164
2383	1703
2384	567
2384	1040
2384	2379
2385	2220
2387	1900
2387	2124
2387	2229
2390	1835
2391	3
2391	310
2391	886
2391	1342
2391	1374
2391	1434
2391	1559
2391	1611
2391	2322
2391	2586
2393	824
2395	276
2396	536
2396	655
2396	1329
2396	1824
2397	1407
2397	1877
2398	398
2399	27
2399	597
2399	864
2399	917
2399	1158
2399	1512
2399	2081
2399	2102
2400	74
2403	45
2406	2384
2406	2488
2407	697
2407	1104
2407	1255
2407	1407
2407	1632
2407	1897
2408	600
2408	1908
2408	2433
2409	724
2409	2095
2409	2328
2412	2549
2416	1381
2416	1397
2416	1871
2416	1923
2420	2072
2420	2121
2421	1543
2421	1691
2421	1739
2426	1744
2426	1917
2426	2243
2427	1315
2428	377
2428	633
2428	679
2430	1425
2430	1463
2430	1633
2430	2228
2430	2276
2433	733
2433	1221
2433	1373
2433	2146
2438	2231
2439	218
2439	804
2440	848
2441	2252
2442	2382
2444	851
2444	1362
2444	2464
2446	1093
2448	2152
2452	798
2453	1605
2455	1065
2456	786
2456	851
2456	1494
2461	363
2461	1085
2461	1570
2461	1682
2462	1414
2463	360
2463	1379
2463	1710
2465	2289
2466	2324
2467	78
2467	1306
2467	2093
2468	250
2468	938
2468	1769
2468	1910
2471	1403
2471	1806
2471	2497
2472	831
2472	1270
2473	977
2474	1740
2474	1973
2474	2526
2479	224
2479	665
2479	2174
2481	1673
2481	1724
2481	2255
2482	146
2483	735
2484	60
2484	1068
2484	1448
2486	745
2486	2256
2490	135
2490	529
2491	350
2491	438
2491	547
2493	8
2495	356
2495	1074
2495	1954
2496	1651
2496	2526
2497	62
2497	2471
2498	27
2498	178
2498	1739
2498	2255
2498	2298
2498	2314
2498	2421
2498	2423
2500	2064
2501	1221
2504	134
2505	269
2505	553
2505	1224
2505	2115
2507	670
2507	746
2507	1585
2507	1868
2508	1413
2509	99
2511	1272
2511	1345
2513	446
2513	610
2513	1596
2513	1965
2513	2179
2514	1168
2517	1818
2517	2086
2518	74
2518	87
2518	350
2518	436
2518	445
2518	581
2518	734
2518	878
2518	1088
2518	1125
2518	1207
2518	1253
2518	1346
2518	1414
2518	1441
2518	1612
2518	1646
2518	1676
2518	1681
2518	1701
2518	1725
2518	1890
2518	1977
2518	2305
2518	2415
2518	2586
2520	2522
2521	2548
2523	31
2523	881
2523	1336
2523	1517
2523	1672
2523	2006
2523	2524
2526	257
2526	2418
2529	294
2529	320
2529	748
2530	141
2530	148
2530	1322
2530	1582
2530	1689
2530	2588
2531	1035
2531	1096
2533	1897
2533	2417
2535	2116
2540	1796
2540	2345
2541	719
2542	1102
2543	501
2544	58
2545	1301
2547	278
2547	2108
2550	912
2551	281
2551	486
2551	635
2551	731
2551	1487
2551	1493
2551	2164
2551	2364
2552	2148
2553	20
2553	403
2553	441
2553	1354
2554	1260
2555	13
2555	25
2555	255
2555	2157
2556	2209
2561	2307
2563	1282
2563	1325
2563	2411
2566	418
2567	1770
2567	2272
2567	2310
2569	668
2569	1241
2570	1164
2572	2046
2573	290
2573	487
2573	656
2573	896
2573	922
2573	1182
2573	1380
2573	1903
2573	2183
2573	2335
2576	856
2576	1778
2577	1628
2579	303
2580	1371
2581	1576
2584	90
2584	186
2584	340
2584	1059
2584	1390
2584	1478
2584	1589
2584	1748
2584	1764
2584	2355
2585	149
2585	482
2585	643
2585	1274
2587	192
2587	266
2587	1420
2587	2245
2589	2273
2590	421
2593	46
2594	433
2597	144
2597	1657
2599	616
2599	1601
2599	2206
2600	370
2600	752
2600	1655
2600	2138
2601	808
2601	2414
2603	67
2603	91
2605	57
2605	1036
2606	530
2608	480
2608	2408
2610	601
2610	691
2611	1360
2611	1859
2612	490
2612	1061
