0	1248
1	592
1	1334
1	1994
3	1065
3	1998
5	345
8	1552
8	2002
8	2489
9	249
9	426
9	631
9	1492
9	1608
9	2345
10	774
11	23
11	2126
14	601
14	704
14	897
14	1740
14	1940
14	1968
14	2013
14	2014
16	1118
16	1918
16	2118
16	2297
17	1645
17	2042
17	2382
18	27
18	1481
18	2099
18	2473
19	2451
21	1172
21	1679
21	2123
23	649
23	1256
23	2126
23	2364
24	1675
24	1749
24	2051
24	2527
34	1168
34	2548
36	126
38	1809
39	214
39	482
39	789
40	532
43	1400
43	2280
44	51
44	108
44	142
44	277
44	296
44	445
44	452
44	474
44	534
44	560
44	682
44	849
44	1053
44	1084
44	1143
44	1422
44	1496
44	1555
44	1818
44	2015
44	2037
44	2080
44	2085
44	2337
44	2545
47	1154
49	761
50	142
50	881
50	889
50	1015
50	1423
50	1826
50	2394
51	59
51	1253
51	1504
51	1958
51	2545
53	1209
53	1216
55	2571
57	1015
57	1143
57	1444
57	2199
58	1
58	1425
59	1253
63	210
63	325
63	1112
64	382
64	449
64	536
64	686
64	876
64	888
64	953
64	1023
64	1034
64	1122
64	1181
64	1414
64	1599
64	1626
64	2162
65	660
66	505
66	2484
70	2193
71	2017
71	2122
72	1108
72	2309
74	1578
75	598
75	719
75	836
75	1320
75	1350
75	1439
75	2039
75	2115
75	2407
76	557
77	633
77	1121
79	876
79	2162
82	1062
82	1718
82	1786
82	2083
82	2444
84	309
84	1326
84	1763
84	2204
84	2205
84	2434
84	2509
85	3
85	1065
85	1213
85	1736
85	1998
85	2544
87	2569
88	1878
91	187
91	380
91	525
91	965
91	1330
91	1664
91	1789
91	1948
91	2392
92	1366
92	1728
93	243
93	430
93	538
93	1412
93	1856
93	2296
93	2464
95	860
97	516
97	1200
98	224
99	2267
101	969
101	1928
101	1958
101	2376
102	83
103	1465
103	1986
104	166
104	299
104	344
104	508
104	558
104	559
104	699
104	726
104	829
104	921
104	1217
104	1236
104	1273
104	1293
104	1416
104	1460
104	1645
104	1732
104	1815
104	1954
104	2259
104	2278
108	472
108	1705
111	375
111	932
111	1924
111	2105
112	1242
115	587
116	800
118	1755
119	544
119	835
119	2071
119	2503
120	580
121	164
121	340
121	950
121	1103
121	1685
121	1859
121	1889
121	2514
122	263
122	951
122	1233
122	2093
124	465
124	858
124	1140
124	1729
124	2111
129	271
130	128
130	638
130	721
130	733
130	1334
130	1760
130	1866
130	2530
131	656
132	2478
133	109
133	327
133	703
133	1343
133	2038
133	2526
133	2538
134	854
134	2323
135	20
135	604
135	814
135	2390
136	1265
136	2049
136	2072
137	626
137	1716
138	518
138	1285
138	1707
138	1805
143	513
144	79
144	195
144	403
144	406
144	537
144	706
144	722
144	782
144	962
144	1083
144	1116
144	1268
144	1530
144	1595
144	1769
144	1787
144	1799
144	1833
144	1881
144	2529
146	1304
146	1419
148	309
148	1834
148	1970
148	2434
148	2509
149	1528
150	37
150	2441
152	1767
152	2143
152	2222
152	2440
153	440
153	717
155	560
155	1203
156	198
156	614
157	1245
157	1508
157	2251
158	1027
158	1367
158	2012
158	2082
162	245
162	584
162	2033
164	340
164	1240
165	1193
167	1980
168	264
168	327
168	1281
168	1490
168	1725
168	1812
169	727
169	1204
169	1929
173	232
173	1418
174	550
174	651
174	1061
174	1669
174	1920
174	2196
174	2216
174	2565
177	3
177	366
177	1952
178	165
178	235
178	753
178	1094
178	1193
178	1650
178	2020
180	1746
181	285
182	587
182	1511
182	2557
184	1113
184	1654
188	2229
189	2570
190	15
193	56
193	1628
199	1866
202	2548
203	744
203	2003
204	1038
204	2356
204	2387
204	2410
205	1753
206	549
207	1471
209	19
209	544
209	1378
210	325
210	1112
211	618
211	824
211	853
211	1558
211	1848
211	2005
211	2286
212	2178
214	1708
214	1842
216	184
216	450
216	543
216	675
216	794
216	1113
216	1494
216	1983
218	302
218	1234
218	1359
218	1375
218	1840
218	2389
222	1574
223	1106
224	98
224	1114
227	223
227	316
227	725
227	769
227	1486
227	1727
227	1917
227	2387
227	2500
228	1215
228	1221
228	2221
231	1448
232	37
232	2490
234	2088
245	584
246	281
246	664
246	897
246	964
246	1029
246	1129
246	1458
246	1633
246	2098
246	2405
248	507
248	1199
248	1547
248	2515
251	944
251	1324
252	556
254	105
254	565
255	372
255	581
255	714
255	1593
255	1960
256	489
256	1436
256	1760
257	191
257	500
257	548
257	590
257	1748
257	1927
258	418
258	477
258	1861
259	1883
261	379
261	2010
262	6
262	260
262	2532
266	1611
269	1784
269	1817
269	1986
270	1669
270	2196
270	2454
272	880
273	2161
274	2017
275	1054
276	110
276	1509
276	1839
278	286
278	1204
278	1205
278	1722
279	674
280	1048
280	1741
282	426
283	705
283	1030
283	1067
283	1537
283	1893
284	2151
285	181
285	392
285	681
285	918
285	1285
287	142
287	2561
291	698
293	56
293	1103
293	1498
295	143
298	875
301	1675
303	553
303	607
303	1522
304	2052
306	459
306	918
306	1117
306	1629
306	2335
308	331
310	239
310	282
310	452
310	631
310	1029
310	1194
310	1439
310	1452
310	1578
310	1621
310	1721
310	1875
310	1909
310	2350
311	1058
311	2228
313	731
313	790
314	244
314	1449
314	2264
315	1173
316	223
317	2048
318	1504
319	1778
321	1984
322	78
326	1003
327	59
327	62
327	94
327	109
327	207
327	290
327	382
327	434
327	466
327	536
327	687
327	846
327	855
327	961
327	1002
327	1185
327	1253
327	1276
327	1504
327	1548
327	1563
327	1590
327	1656
327	1718
327	1722
327	1790
327	1812
327	1875
327	2079
327	2210
327	2331
327	2422
327	2433
327	2538
329	904
330	602
335	1371
336	120
336	562
339	290
339	1339
340	61
341	947
341	1705
344	538
344	1860
348	654
348	2311
350	1923
353	443
353	2042
353	2303
353	2319
353	2437
353	2510
355	2094
356	517
356	559
356	773
356	1687
356	1792
356	1847
361	46
361	407
361	1393
361	1670
361	1715
361	2438
361	2573
364	42
366	2435
369	1216
371	2035
371	2424
372	879
372	938
373	1191
374	1226
375	441
375	612
375	1518
375	1924
375	1988
376	1826
377	46
379	261
379	1471
380	187
380	2330
381	1172
383	733
383	1675
384	1260
384	1702
384	2012
384	2082
385	1288
388	476
388	1274
389	834
389	1153
389	1469
390	447
390	541
390	2209
391	122
393	1332
393	2504
395	1080
397	1648
397	2165
402	758
403	540
405	611
405	1268
410	1557
413	176
413	1401
414	1005
414	1156
414	1243
415	695
417	560
417	2380
418	398
419	2280
421	29
421	864
421	1032
421	1975
421	1999
421	2493
422	107
422	426
423	2285
424	1986
424	2083
424	2505
425	2558
427	1028
429	1807
430	344
434	13
434	207
434	2556
435	586
435	666
435	940
439	1701
439	1825
442	1069
442	1434
446	281
446	1852
449	172
449	888
449	1034
449	1181
452	108
452	239
452	249
452	277
452	281
452	341
452	754
452	1243
452	1320
452	1332
452	1396
452	1397
452	1555
452	1565
452	1705
452	1875
452	1909
452	2073
452	2123
452	2248
452	2319
452	2551
453	480
454	317
454	1426
454	1749
454	2251
454	2540
456	250
456	1184
456	1286
457	123
459	1117
460	907
460	1238
460	1499
460	1630
460	1914
460	2220
463	606
463	624
463	705
463	1433
463	2299
465	445
465	1729
472	764
472	898
472	1705
475	607
475	855
476	1258
478	138
478	1285
478	1434
478	1805
478	2021
479	68
479	1358
479	1846
479	2207
480	1275
481	414
481	1156
481	1243
481	1525
482	1043
483	317
483	1534
483	2540
484	10
484	26
484	242
484	312
484	323
484	436
484	1072
484	1175
484	1797
484	1850
484	1948
484	2101
484	2152
490	431
490	786
490	1466
490	1580
490	1713
491	228
491	752
491	2474
496	1459
496	2552
497	1273
499	1793
500	1237
500	1823
501	9
501	1527
501	2172
501	2214
501	2475
502	1685
503	1301
504	236
504	2183
505	66
505	2484
506	1582
506	1953
507	387
507	1149
510	1133
510	1314
510	1438
510	2164
512	1643
514	406
515	1470
517	1792
521	108
521	2350
522	876
522	2162
523	1266
523	1537
524	2084
526	896
527	1312
529	653
529	816
529	1064
529	1097
529	1510
530	1824
532	2035
535	13
535	18
535	434
535	698
535	777
535	982
535	985
535	2028
535	2334
535	2491
536	2477
537	2271
539	1945
541	2209
542	1589
546	487
546	1163
546	1449
546	1794
546	2369
546	2438
547	1298
547	2267
550	1895
551	726
551	931
551	1645
551	1732
551	2190
551	2384
552	991
554	328
554	839
554	1981
554	2264
554	2451
555	1117
555	1629
559	921
559	1880
560	590
563	734
563	1232
563	1508
563	1749
563	1750
563	2238
563	2527
564	1315
566	263
566	2066
568	2089
569	1172
569	1366
569	1679
569	2123
569	2340
573	280
573	1048
574	2386
576	870
576	1844
576	2339
577	1369
578	781
578	2253
578	2286
578	2366
579	619
579	850
579	1053
579	1818
579	2206
579	2528
582	438
585	1528
585	2030
585	2481
586	464
587	115
587	125
587	463
587	489
587	1489
587	1619
587	1640
587	2097
587	2238
587	2537
589	411
589	412
589	672
589	1345
589	1410
590	1270
592	1425
592	1549
594	781
594	2373
595	688
595	2426
596	929
597	288
597	336
597	718
597	752
597	814
597	891
597	1427
597	1432
597	1463
597	1597
597	1665
597	1747
597	2116
597	2486
599	2150
600	69
600	583
600	1252
602	2139
602	2193
602	2194
602	2564
603	840
603	2078
603	2241
604	1070
607	553
607	804
607	1615
607	2347
607	2508
608	432
608	1836
610	1054
610	1129
613	1838
614	1484
615	561
616	117
616	142
616	294
616	305
616	342
616	420
616	469
616	544
616	698
616	707
616	735
616	760
616	835
616	999
616	1047
616	1139
616	1202
616	1281
616	1335
616	1361
616	1479
616	1588
616	1656
616	1676
616	1725
616	1877
616	2071
616	2084
616	2391
616	2457
616	2526
619	1423
620	4
620	1828
621	954
622	371
622	395
622	2401
625	922
628	553
628	601
628	1522
628	2013
631	920
632	1391
633	77
633	1121
635	2033
635	2144
636	1150
638	756
639	1121
639	1251
641	527
641	1312
643	761
643	1931
645	278
647	740
647	1196
647	1732
647	2384
648	768
649	1256
652	124
652	575
652	1182
652	1401
653	816
654	2311
655	2130
659	2128
661	822
661	2341
661	2383
661	2413
662	80
662	151
662	561
662	597
662	1082
662	1106
662	1536
662	1566
662	1638
662	1686
662	1800
662	1934
662	1938
662	2091
662	2246
662	2302
662	2533
664	281
665	127
668	1520
668	1708
669	1507
669	1855
671	637
671	757
672	2559
673	22
673	834
673	2419
675	543
675	1826
677	665
677	1016
677	2284
684	542
684	734
684	1453
684	1489
684	1589
684	2000
687	1548
690	1461
691	278
691	719
691	836
691	1323
691	1350
691	2001
691	2039
691	2115
692	1342
696	200
696	1262
696	1364
696	1498
696	1859
696	2514
698	143
698	160
698	295
698	513
698	575
698	1918
699	508
699	600
699	829
699	941
699	2348
700	1068
702	756
703	363
703	432
703	515
703	952
703	1321
703	1625
703	1820
703	2365
706	917
706	2023
707	1445
708	850
708	2527
709	67
709	1038
709	1174
711	1720
712	261
712	819
712	2061
712	2211
713	160
713	295
713	698
713	1700
713	2316
715	66
715	505
715	1861
716	1208
716	1462
716	2021
716	2504
720	678
723	217
723	427
723	1532
724	1606
728	359
729	1744
729	1761
730	680
730	1604
732	228
732	583
732	1634
732	2264
732	2451
737	2
737	705
737	829
737	2348
738	617
738	805
739	346
739	1070
740	717
744	2495
745	1406
745	1814
746	993
746	1959
748	943
748	1073
748	1502
748	2523
749	1631
750	786
751	141
752	629
752	1024
752	1597
752	2420
754	8
754	107
754	556
754	1113
754	1365
754	2248
757	363
757	2006
757	2107
759	162
759	245
759	490
759	584
759	635
759	670
759	1247
759	1435
759	1713
759	2033
759	2252
760	678
760	720
762	1186
763	106
763	441
764	1608
764	2237
764	2345
765	290
765	339
765	784
765	1201
765	1613
765	2465
769	1016
769	2500
770	365
770	649
770	982
770	1089
770	1234
770	1339
770	1547
770	1591
770	1818
770	1840
773	1537
776	783
777	69
777	551
777	941
778	1993
779	467
779	1977
782	195
782	540
783	297
784	70
784	602
784	2193
785	1730
785	1897
785	2250
786	431
786	1019
786	2036
791	1789
791	2152
792	1167
794	1366
795	90
795	211
795	412
795	570
795	853
795	1157
795	1428
795	2260
795	2371
796	787
796	1616
796	1768
797	997
799	1151
799	1519
799	1843
799	2132
799	2169
803	220
804	1492
807	2011
808	487
808	957
808	1526
808	1794
809	1785
810	1262
810	1364
814	1463
814	1751
816	1222
816	2007
817	880
817	1241
817	2559
818	386
819	2211
820	172
820	201
820	382
820	449
820	953
820	1023
820	1122
820	1181
820	1497
820	1599
820	1626
820	1833
820	1937
820	2162
821	1336
821	1854
823	15
823	190
823	1331
825	1
825	525
825	2075
826	1376
828	811
829	1646
830	9
830	230
830	1035
830	1270
830	1373
830	2461
833	854
834	771
837	743
837	764
840	2078
841	2182
842	922
842	2220
844	1141
846	1023
846	1414
847	2154
847	2289
848	210
848	325
849	277
849	452
849	534
849	1051
849	1468
849	1496
849	2002
849	2352
851	717
853	913
856	2094
856	2098
861	228
861	390
861	447
861	541
861	685
861	905
861	1256
861	1699
861	2209
861	2388
865	455
866	1408
866	2173
867	1195
867	1264
867	1323
867	1862
868	145
868	1445
868	1657
869	300
869	884
869	894
869	926
869	1501
869	1893
869	2073
869	2225
869	2314
871	259
871	1883
871	1934
871	2110
871	2284
873	28
873	518
873	1829
873	1900
873	2572
874	1381
877	601
877	901
877	2355
877	2446
877	2471
879	938
882	1106
883	2317
885	213
885	2347
886	2443
888	449
888	1599
888	1626
888	2162
889	619
890	1005
890	1474
890	2308
891	19
891	1663
892	667
892	2406
893	527
893	1312
893	1795
894	715
895	238
897	2014
898	230
898	446
898	764
898	830
898	850
898	1621
899	2169
902	1241
903	930
905	447
905	541
905	2209
908	653
908	816
908	1277
909	221
910	624
910	1440
910	2012
911	227
911	1031
911	1174
911	1218
911	1357
911	1402
911	1465
911	1486
911	1515
911	1583
911	1612
911	1686
911	1727
911	2070
911	2283
911	2448
911	2505
912	338
912	600
912	1006
912	1102
912	1152
912	1386
912	1803
913	1354
915	1297
915	1600
915	1806
915	2034
916	223
916	709
916	1686
916	2491
918	285
918	681
923	1055
923	1233
923	1289
923	1750
923	2093
923	2309
923	2398
927	1002
928	1704
929	225
933	2293
934	2166
935	2065
937	155
937	548
937	802
937	891
937	1283
937	1748
937	1927
937	1929
937	2235
938	879
939	783
940	666
940	760
940	968
940	1471
940	1688
940	1791
940	2139
940	2194
941	2300
942	694
946	919
946	954
949	2406
950	40
950	1040
950	1314
950	1438
950	1442
950	1579
950	1628
950	1685
950	1810
950	2263
955	532
956	89
956	1198
957	487
957	884
957	1794
957	1995
957	2170
957	2481
958	1403
959	2110
959	2284
961	2130
962	989
964	1932
967	1217
968	602
968	666
970	1594
972	491
972	732
972	2515
974	1049
974	1957
974	2048
974	2577
977	228
977	433
977	552
977	629
977	685
977	740
977	976
977	1145
977	1221
977	1271
977	1481
977	1485
977	1587
977	2221
977	2474
978	716
978	1462
979	2275
979	2566
980	1495
981	1300
983	1205
984	878
984	903
984	1302
984	2151
984	2154
984	2195
984	2207
984	2366
985	8
985	110
985	276
985	291
985	428
985	535
985	604
985	608
985	777
985	977
985	1509
985	1670
985	1839
985	1964
985	2473
985	2502
986	883
986	1826
986	2234
986	2369
987	362
996	1110
996	1269
996	1392
996	1535
996	1899
996	2067
998	237
998	1167
998	1602
999	355
999	533
999	1783
999	2466
1000	23
1000	171
1000	332
1000	390
1000	443
1000	447
1000	541
1000	741
1000	861
1000	905
1000	1197
1000	1256
1000	1614
1000	1972
1000	2318
1000	2364
1000	2388
1004	17
1004	32
1004	67
1004	636
1004	659
1004	709
1004	839
1004	865
1004	1132
1004	1150
1004	1169
1004	1409
1004	1806
1004	2089
1004	2274
1004	2303
1006	912
1006	1096
1008	750
1008	1155
1008	1247
1008	1580
1008	2033
1009	273
1009	478
1009	2021
1010	2118
1011	938
1013	912
1013	2180
1019	750
1019	1684
1020	1906
1020	2378
1021	2351
1024	19
1024	134
1024	170
1024	288
1024	294
1024	736
1024	740
1024	814
1024	862
1024	891
1024	991
1024	1301
1024	1427
1024	1463
1024	1564
1024	1689
1024	1844
1024	1984
1024	2134
1024	2142
1024	2390
1024	2415
1024	2420
1024	2423
1025	100
1027	1367
1027	1702
1030	283
1030	1893
1031	127
1031	353
1031	443
1031	1307
1031	1357
1031	1576
1031	2437
1032	261
1032	616
1032	864
1032	1318
1032	2493
1033	280
1033	1048
1033	1741
1035	1527
1035	2043
1035	2461
1036	844
1037	856
1039	20
1039	119
1039	166
1039	924
1039	1579
1039	1634
1039	1967
1039	2045
1042	1809
1042	2358
1042	2564
1046	1536
1046	1646
1046	1739
1046	1767
1046	1856
1046	2153
1046	2205
1048	33
1048	96
1048	222
1048	280
1048	468
1048	602
1048	710
1048	1093
1048	1096
1048	1437
1048	1447
1048	1483
1048	1660
1048	1680
1048	1718
1048	1762
1048	1944
1048	2079
1048	2234
1048	2262
1048	2304
1048	2498
1051	2008
1052	897
1052	1639
1052	1740
1052	2014
1052	2224
1057	1318
1057	2494
1059	975
1060	1926
1060	1999
1061	550
1061	651
1061	973
1061	2176
1062	2444
1063	1010
1063	1118
1063	1353
1063	2179
1068	700
1070	1735
1071	167
1071	448
1071	884
1071	1007
1071	1627
1071	1795
1071	1852
1071	1980
1071	1995
1071	2186
1071	2481
1071	2563
1073	611
1073	1104
1075	607
1075	1067
1075	1410
1075	1492
1075	1615
1078	481
1080	1708
1081	337
1081	1280
1084	929
1084	1468
1084	1589
1084	1970
1084	2352
1086	1294
1086	2491
1088	351
1088	2522
1090	724
1090	2455
1093	1574
1095	831
1096	1885
1096	2270
1098	437
1098	1516
1098	1693
1098	2259
1099	2526
1100	1120
1100	1267
1100	1440
1100	1731
1100	2554
1101	646
1102	1574
1102	2304
1104	1194
1105	170
1105	870
1105	921
1105	1196
1105	1413
1105	1857
1105	2134
1105	2226
1106	882
1107	143
1109	387
1110	1269
1110	1899
1110	1941
1110	2067
1111	19
1111	740
1111	1352
1111	1623
1111	1634
1113	65
1113	96
1113	97
1113	134
1113	192
1113	203
1113	229
1113	302
1113	467
1113	611
1113	640
1113	687
1113	778
1113	1103
1113	1200
1113	1248
1113	1319
1113	1359
1113	1372
1113	1375
1113	1383
1113	1502
1113	1557
1113	1569
1113	1581
1113	1585
1113	1598
1113	1632
1113	1660
1113	1680
1113	1697
1113	1781
1113	1785
1113	1840
1113	1888
1113	1929
1113	1933
1113	2016
1113	2058
1113	2102
1113	2112
1113	2138
1113	2512
1113	2560
1114	98
1114	224
1115	721
1115	2200
1116	403
1116	540
1116	571
1116	706
1116	722
1116	782
1116	917
1116	962
1116	989
1116	1083
1116	1455
1116	1586
1116	1881
1116	2023
1116	2417
1120	1267
1120	1440
1120	2554
1123	132
1124	1752
1127	795
1128	669
1130	286
1133	1336
1134	2181
1136	1415
1137	205
1137	1753
1139	999
1139	2140
1141	1770
1141	2536
1142	242
1142	564
1142	724
1142	900
1142	1390
1142	1483
1142	1830
1142	1957
1143	480
1143	1721
1143	1745
1144	1876
1144	2108
1148	54
1148	827
1149	241
1152	912
1158	592
1158	1050
1158	1425
1158	1549
1159	420
1161	735
1161	2107
1162	46
1162	291
1162	1257
1162	1670
1170	1883
1171	236
1171	1178
1171	2560
1172	1444
1172	1679
1173	315
1174	1612
1174	2476
1176	814
1176	1317
1176	2264
1178	236
1178	1568
1179	1353
1179	2525
1183	156
1183	1151
1187	197
1188	163
1188	403
1188	706
1188	722
1188	782
1188	917
1188	1116
1188	1298
1188	1455
1188	1595
1188	1969
1188	2023
1188	2024
1188	2191
1188	2417
1189	1804
1189	2443
1189	2448
1189	2551
1190	34
1190	1431
1193	165
1194	572
1194	1029
1194	1474
1194	1766
1194	1802
1194	2172
1194	2207
1194	2308
1204	727
1204	1325
1207	1554
1207	1578
1209	1216
1211	336
1212	780
1212	1315
1212	1391
1212	2320
1214	1236
1214	1553
1215	880
1216	1209
1218	497
1218	551
1224	1640
1225	1712
1227	2289
1228	1121
1232	105
1232	565
1232	1508
1232	2019
1232	2527
1234	302
1234	1341
1234	1359
1234	1375
1237	1091
1237	1780
1239	284
1239	2151
1240	1730
1241	2523
1244	2355
1246	1110
1246	1269
1246	1535
1246	1899
1246	1941
1246	2067
1247	2119
1251	253
1251	423
1251	633
1251	1228
1251	1294
1251	2447
1254	219
1254	352
1254	559
1254	582
1254	688
1254	1177
1254	1687
1254	1726
1254	1872
1254	1930
1254	2397
1254	2426
1254	2534
1256	649
1256	1333
1256	2126
1256	2364
1257	1670
1257	2502
1259	637
1259	2291
1261	48
1261	580
1261	2532
1262	164
1262	593
1262	2031
1263	1262
1263	1364
1263	2514
1265	2072
1266	104
1266	338
1266	699
1266	705
1266	2306
1267	1367
1274	388
1274	476
1274	1863
1276	2210
1277	183
1277	394
1277	653
1277	663
1277	816
1277	1064
1277	1222
1277	1510
1277	1562
1277	1978
1277	2535
1278	2433
1282	248
1284	2499
1285	442
1285	1805
1286	456
1289	31
1290	2483
1291	408
1291	659
1292	1646
1293	1416
1296	47
1296	899
1296	1342
1296	1371
1296	1711
1296	2163
1296	2269
1296	2362
1296	2400
1297	408
1298	2009
1299	1507
1303	1172
1303	1679
1303	2123
1308	26
1308	103
1308	115
1308	187
1308	266
1308	269
1308	525
1308	774
1308	1175
1308	1258
1308	1274
1308	1611
1308	1619
1308	1759
1308	1866
1308	1936
1308	1948
1308	1986
1308	2305
1310	671
1310	828
1312	78
1312	527
1312	641
1312	1795
1313	906
1313	1196
1315	2320
1316	899
1318	864
1321	2006
1322	2011
1323	208
1323	1645
1324	251
1324	1998
1326	309
1326	372
1326	1763
1326	2204
1326	2412
1326	2434
1326	2509
1327	1564
1328	345
1328	408
1328	492
1328	544
1328	1119
1328	1297
1328	1413
1328	1964
1328	2128
1328	2274
1329	1578
1330	187
1330	380
1330	1789
1330	1966
1331	676
1332	676
1332	2254
1332	2411
1333	649
1334	128
1338	2060
1338	2359
1339	520
1339	854
1340	34
1340	1168
1340	1440
1340	1467
1340	1707
1340	1731
1340	2299
1340	2339
1341	4
1342	692
1342	1135
1346	2566
1347	1379
1347	1619
1348	1427
1350	1126
1351	2167
1355	800
1356	1706
1357	353
1357	793
1357	859
1357	1465
1357	1682
1357	2388
1357	2437
1357	2566
1360	1893
1361	735
1362	902
1362	1500
1363	730
1363	1553
1363	1732
1363	1835
1364	772
1364	1249
1366	100
1367	401
1367	1027
1367	2017
1367	2548
1369	577
1370	161
1371	2163
1374	448
1374	2397
1377	1001
1378	396
1378	680
1378	993
1378	1039
1378	1259
1378	1831
1379	1558
1379	1658
1379	2129
1380	451
1380	1686
1380	1811
1381	1025
1381	2452
1382	1777
1383	798
1384	644
1384	755
1384	1014
1385	1604
1388	486
1388	526
1395	62
1395	96
1395	229
1395	233
1395	349
1395	444
1395	468
1395	474
1395	504
1395	519
1395	545
1395	596
1395	682
1395	710
1395	852
1395	912
1395	949
1395	953
1395	1006
1395	1045
1395	1096
1395	1102
1395	1178
1395	1219
1395	1281
1395	1353
1395	1361
1395	1365
1395	1387
1395	1422
1395	1447
1395	1505
1395	1551
1395	1555
1395	1567
1395	1572
1395	1598
1395	1660
1395	1700
1395	1833
1395	1904
1395	1918
1395	1944
1395	1992
1395	2058
1395	2079
1395	2118
1395	2179
1395	2183
1395	2192
1395	2206
1395	2262
1395	2270
1395	2297
1395	2315
1395	2337
1395	2375
1395	2445
1395	2456
1400	43
1402	709
1402	1031
1402	1934
1402	2049
1402	2091
1402	2283
1402	2568
1403	1506
1404	1383
1404	1823
1405	689
1406	100
1407	2227
1411	1103
1411	1633
1411	1639
1411	1751
1411	1777
1411	2098
1412	154
1412	244
1412	374
1412	400
1412	511
1412	1226
1412	1690
1412	1746
1412	2296
1416	812
1417	742
1421	343
1421	1823
1421	2406
1422	1397
1423	619
1425	58
1425	432
1425	1050
1425	1158
1425	1549
1429	288
1429	717
1429	1663
1429	2030
1429	2420
1429	2423
1430	1354
1432	597
1433	71
1433	341
1433	523
1433	744
1433	764
1433	849
1433	980
1433	1047
1433	1126
1433	1351
1433	1368
1433	1377
1433	1584
1433	2008
1433	2055
1433	2135
1433	2154
1433	2207
1433	2237
1433	2343
1433	2537
1434	1069
1434	1819
1436	105
1437	123
1438	47
1438	226
1438	494
1438	502
1438	510
1438	821
1438	950
1438	1251
1438	1314
1438	1976
1438	2255
1439	719
1440	624
1440	1467
1440	2166
1440	2339
1441	1506
1441	1832
1441	2403
1442	1317
1442	1449
1442	1719
1442	1882
1442	2405
1443	689
1443	887
1443	2454
1444	2123
1445	145
1445	707
1445	1165
1446	2080
1449	814
1449	1317
1449	2264
1453	31
1453	734
1453	850
1453	946
1457	328
1457	1119
1457	1271
1457	2045
1457	2128
1457	2556
1458	664
1460	1880
1464	283
1464	857
1464	1030
1464	1059
1466	431
1466	614
1466	670
1466	788
1466	1183
1466	1713
1466	1843
1466	1939
1466	2036
1466	2119
1466	2507
1472	2459
1473	2305
1475	967
1475	1217
1475	2243
1477	184
1477	1495
1477	1814
1478	1516
1479	784
1481	629
1482	2250
1483	2048
1486	769
1486	1079
1487	952
1487	2027
1488	742
1489	68
1489	1640
1493	179
1493	277
1493	287
1493	358
1493	446
1493	453
1493	480
1493	631
1493	660
1493	855
1493	920
1493	947
1493	1015
1493	1084
1493	1143
1493	1270
1493	1320
1493	1452
1493	1492
1493	1527
1493	1721
1493	1798
1493	1821
1493	1874
1493	1909
1493	2037
1493	2043
1493	2090
1493	2295
1493	2296
1493	2349
1493	2461
1493	2561
1496	108
1496	203
1496	230
1496	249
1496	277
1496	287
1496	341
1496	452
1496	453
1496	475
1496	534
1496	764
1496	837
1496	855
1496	898
1496	920
1496	963
1496	980
1496	1035
1496	1047
1496	1143
1496	1255
1496	1270
1496	1275
1496	1321
1496	1373
1496	1420
1496	1446
1496	1456
1496	1468
1496	1491
1496	1527
1496	1584
1496	1608
1496	1621
1496	1683
1496	1692
1496	1705
1496	1746
1496	1821
1496	1829
1496	1851
1496	1874
1496	1909
1496	2002
1496	2015
1496	2090
1496	2096
1496	2154
1496	2206
1496	2237
1496	2248
1496	2249
1496	2295
1496	2296
1496	2345
1496	2352
1496	2461
1496	2528
1502	0
1502	70
1502	611
1502	748
1502	943
1502	1073
1502	1248
1502	1709
1502	1940
1503	694
1503	1908
1503	2263
1506	1403
1509	18
1509	43
1509	110
1509	1412
1509	1622
1511	1358
1512	1482
1514	679
1516	2294
1517	29
1517	557
1517	1287
1517	1338
1517	1548
1517	1865
1517	2060
1517	2203
1517	2359
1518	785
1518	1403
1518	1441
1518	1506
1518	2201
1518	2250
1518	2354
1521	1398
1522	458
1522	553
1522	628
1522	1717
1522	1740
1522	2013
1522	2109
1522	2347
1523	215
1523	2016
1524	2012
1529	12
1529	140
1529	401
1529	404
1529	461
1529	496
1529	531
1529	766
1529	971
1529	1211
1529	1260
1529	1272
1529	1311
1529	1367
1529	1399
1529	1459
1529	1903
1529	2095
1529	2219
1529	2368
1529	2552
1530	195
1530	706
1530	917
1532	217
1532	427
1534	562
1534	756
1535	1392
1535	1941
1538	687
1539	1632
1540	1651
1541	495
1541	1426
1541	1557
1541	1558
1541	2129
1542	409
1542	686
1542	949
1542	1974
1543	1868
1545	577
1545	1369
1546	875
1546	946
1546	1233
1548	215
1550	324
1550	1420
1550	2206
1551	413
1551	1047
1551	2561
1555	1422
1556	1876
1559	638
1560	185
1560	1304
1560	2226
1561	220
1561	1466
1561	1989
1562	394
1562	663
1563	92
1563	1614
1563	1709
1563	2318
1570	473
1570	1489
1570	1640
1571	2289
1573	605
1575	637
1576	1307
1576	1344
1576	2539
1582	267
1582	1947
1582	1953
1582	2202
1583	2448
1584	321
1584	365
1584	1147
1584	1229
1584	1234
1584	1672
1584	1803
1584	1872
1584	2134
1584	2177
1584	2463
1589	542
1592	100
1592	1381
1592	1945
1592	2172
1593	255
1595	1530
1596	475
1596	1692
1597	126
1597	170
1597	288
1597	548
1597	802
1597	1024
1597	1108
1597	1301
1597	1463
1597	1748
1597	1782
1597	1927
1600	1182
1600	2365
1600	2505
1602	792
1602	1167
1603	2331
1609	2310
1610	34
1610	221
1610	1190
1610	1431
1610	2519
1611	623
1611	914
1611	966
1611	1661
1611	2371
1612	127
1612	316
1612	769
1612	1174
1612	1451
1616	1768
1617	307
1620	372
1620	1896
1621	936
1621	2184
1621	2214
1622	606
1622	1829
1622	1900
1624	1344
1624	1576
1624	1972
1624	2408
1624	2539
1626	1599
1630	697
1630	907
1631	832
1631	988
1631	1166
1631	1210
1631	1907
1632	747
1633	330
1634	120
1634	165
1634	328
1634	1039
1634	1094
1634	1623
1635	758
1636	1132
1637	1076
1638	132
1638	1016
1638	1515
1642	1698
1645	17
1645	1732
1645	1954
1649	2024
1651	357
1654	669
1654	1507
1654	1855
1654	1983
1655	668
1655	949
1655	1708
1657	145
1657	1445
1659	1552
1660	981
1660	1268
1660	2262
1663	2142
1664	525
1665	688
1665	2426
1666	899
1666	2169
1670	1257
1670	2502
1671	214
1671	1080
1673	1735
1675	383
1677	345
1677	574
1677	1394
1677	1663
1677	2273
1678	196
1680	710
1681	617
1681	740
1681	839
1684	330
1684	786
1688	1618
1691	995
1694	1712
1695	67
1695	1022
1696	705
1696	1537
1696	1611
1696	2299
1697	634
1700	519
1701	139
1701	146
1701	1419
1701	2063
1702	1168
1702	1260
1703	219
1703	657
1703	680
1703	730
1703	945
1703	1012
1703	1024
1703	1235
1703	1327
1703	1385
1703	1604
1703	1835
1703	1916
1703	2273
1703	2480
1705	282
1705	898
1706	689
1706	887
1706	1356
1706	1405
1708	1080
1710	373
1710	1191
1711	1296
1711	2400
1715	448
1715	976
1715	1587
1717	458
1721	446
1722	1175
1722	1793
1723	1041
1723	1644
1724	1876
1726	448
1726	676
1726	1597
1726	2053
1726	2482
1727	204
1727	223
1727	227
1727	316
1727	2062
1727	2476
1727	2500
1728	748
1728	1073
1728	1639
1728	1968
1729	242
1729	954
1729	1531
1729	2343
1729	2429
1730	1897
1733	2226
1734	2505
1734	2512
1736	1065
1737	674
1737	1164
1737	1368
1737	2549
1740	897
1741	1772
1742	352
1742	1211
1742	1214
1742	1460
1743	2246
1744	729
1744	2230
1744	2460
1747	13
1747	752
1747	1024
1747	1631
1747	2397
1749	1559
1754	1210
1756	934
1756	1168
1756	1190
1756	1431
1756	1467
1756	2166
1756	2519
1757	154
1757	511
1757	2222
1758	38
1758	265
1759	26
1759	35
1759	63
1759	72
1759	73
1759	90
1759	115
1759	128
1759	130
1759	148
1759	185
1759	210
1759	211
1759	256
1759	312
1759	323
1759	325
1759	372
1759	388
1759	413
1759	436
1759	463
1759	473
1759	476
1759	481
1759	484
1759	488
1759	525
1759	528
1759	530
1759	542
1759	564
1759	567
1759	570
1759	575
1759	581
1759	587
1759	588
1759	625
1759	652
1759	669
1759	693
1759	721
1759	734
1759	781
1759	791
1759	838
1759	842
1759	879
1759	922
1759	923
1759	933
1759	938
1759	946
1759	965
1759	990
1759	994
1759	1055
1759	1063
1759	1072
1759	1136
1759	1157
1759	1175
1759	1192
1759	1224
1759	1239
1759	1250
1759	1258
1759	1301
1759	1304
1759	1337
1759	1354
1759	1355
1759	1368
1759	1379
1759	1384
1759	1396
1759	1426
1759	1433
1759	1473
1759	1489
1759	1533
1759	1534
1759	1552
1759	1611
1759	1620
1759	1648
1759	1658
1759	1661
1759	1664
1759	1750
1759	1760
1759	1776
1759	1789
1759	1813
1759	1824
1759	1844
1759	1851
1759	1866
1759	1948
1759	1960
1759	1986
1759	2005
1759	2019
1759	2029
1759	2041
1759	2048
1759	2051
1759	2069
1759	2085
1759	2089
1759	2101
1759	2102
1759	2129
1759	2148
1759	2152
1759	2171
1759	2195
1759	2212
1759	2228
1759	2229
1759	2260
1759	2305
1759	2330
1759	2339
1759	2346
1759	2353
1759	2370
1759	2371
1759	2436
1759	2530
1759	2577
1760	317
1760	702
1760	1343
1760	1534
1760	1559
1760	1750
1760	2097
1760	2251
1760	2540
1762	81
1762	331
1762	2310
1763	1014
1764	51
1764	247
1764	1995
1767	244
1767	511
1767	1690
1768	787
1769	144
1769	2056
1771	680
1771	1166
1771	1348
1771	1385
1771	1631
1771	1845
1772	192
1773	1062
1774	292
1777	1382
1778	319
1779	2482
1784	2227
1785	2027
1785	2493
1787	989
1789	471
1789	495
1789	528
1789	2152
1790	327
1790	466
1792	517
1794	957
1796	624
1798	2561
1800	127
1800	597
1800	662
1800	1123
1800	1424
1800	1515
1800	1638
1800	2062
1800	2283
1800	2533
1800	2568
1801	61
1801	772
1801	1240
1801	1480
1801	1544
1801	1730
1801	2087
1804	141
1804	191
1804	559
1804	609
1804	928
1804	972
1804	985
1804	1070
1804	1138
1804	1234
1804	1295
1804	1460
1804	1742
1804	1911
1804	2136
1804	2573
1805	28
1805	66
1805	2484
1808	1419
1808	2379
1812	264
1813	815
1813	1389
1813	1513
1813	1714
1813	2195
1813	2394
1816	336
1822	2035
1825	1659
1825	1701
1825	2063
1827	1092
1827	1180
1828	63
1828	210
1828	848
1835	1553
1837	55
1837	2571
1838	30
1838	117
1838	342
1838	533
1838	616
1838	999
1838	1018
1838	1044
1838	1488
1838	2466
1839	1509
1841	242
1841	567
1841	1349
1842	532
1842	2035
1849	783
1849	1939
1850	161
1850	2152
1851	84
1851	148
1851	279
1851	644
1851	755
1851	863
1851	1014
1851	1384
1851	1533
1851	1763
1851	1970
1851	2204
1851	2205
1851	2394
1851	2396
1851	2412
1851	2434
1851	2509
1853	2497
1855	1507
1858	1207
1858	1554
1858	1932
1858	2223
1858	2446
1858	2492
1859	40
1859	226
1859	502
1859	1314
1859	1438
1859	1685
1859	2263
1861	477
1864	775
1865	557
1865	2092
1865	2203
1868	818
1868	1349
1868	1543
1869	2149
1870	196
1870	614
1871	8
1871	1470
1873	1811
1874	1766
1875	426
1877	378
1877	678
1877	1126
1877	1350
1877	1588
1877	2405
1877	2407
1879	52
1879	56
1879	164
1879	239
1879	683
1879	810
1879	950
1879	1240
1879	1262
1879	1364
1879	1442
1879	1607
1879	1794
1879	2147
1879	2301
1879	2311
1879	2514
1880	2518
1881	2024
1882	1719
1883	1079
1883	2110
1885	1006
1885	1096
1887	2538
1888	65
1888	134
1888	1840
1890	1653
1891	1667
1892	39
1892	482
1892	1043
1892	1279
1892	1933
1893	1196
1894	114
1894	349
1894	1738
1894	2372
1898	1231
1899	2067
1900	1829
1901	1953
1902	1886
1904	261
1904	379
1904	712
1904	2010
1904	2211
1905	237
1905	998
1907	988
1908	458
1908	817
1908	1554
1908	1717
1909	598
1910	1309
1910	1780
1911	497
1911	985
1911	1119
1911	1169
1911	1295
1911	1765
1911	1847
1911	1856
1911	1932
1911	2028
1911	2303
1911	2447
1912	2234
1913	68
1913	853
1913	1349
1913	1513
1913	2005
1919	1652
1919	2409
1920	887
1921	931
1922	1305
1922	1474
1922	1491
1922	1802
1923	350
1923	1056
1924	441
1924	2105
1925	169
1925	278
1925	462
1925	634
1925	691
1925	703
1925	796
1925	961
1925	983
1925	1025
1925	1026
1925	1185
1925	1197
1925	1490
1925	1616
1925	1668
1925	1676
1925	1697
1925	1810
1925	2088
1925	2235
1925	2291
1925	2386
1930	438
1930	2518
1932	664
1932	964
1932	1858
1933	482
1933	822
1933	1279
1934	1566
1934	2150
1935	46
1935	688
1935	1162
1935	1179
1935	1257
1935	1670
1935	2181
1935	2329
1935	2426
1935	2502
1937	201
1937	1497
1937	1799
1938	178
1938	453
1938	604
1938	658
1938	753
1938	1094
1938	1355
1938	1662
1938	2020
1938	2044
1938	2404
1943	66
1946	1064
1949	2130
1950	810
1950	1480
1951	1222
1951	2535
1952	366
1952	2435
1955	527
1956	42
1956	432
1956	1600
1956	2083
1957	925
1957	1315
1960	73
1960	372
1960	471
1960	693
1960	700
1960	781
1960	824
1960	965
1960	1611
1960	1850
1961	132
1961	2478
1962	604
1962	655
1962	727
1962	1325
1962	2130
1963	1125
1963	1998
1963	2432
1965	117
1965	363
1965	1223
1965	1361
1965	1625
1965	1725
1965	2112
1965	2538
1966	386
1966	1349
1967	813
1969	163
1970	414
1970	644
1970	1084
1970	1834
1970	2029
1971	2578
1973	214
1973	789
1973	798
1973	822
1973	1734
1973	1786
1974	144
1974	1833
1974	2056
1976	367
1978	183
1979	2395
1982	715
1984	1131
1985	970
1987	948
1987	1332
1987	2411
1988	1518
1988	2403
1990	1196
1991	1400
1991	2280
1992	321
1992	801
1992	852
1992	1237
1992	1378
1992	1794
1992	2170
1994	347
1996	2081
1997	588
1998	2432
1999	421
1999	1060
1999	1417
1999	1488
1999	2493
2000	185
2000	479
2000	564
2000	684
2000	724
2000	925
2000	1090
2000	1224
2000	1489
2000	2229
2001	1264
2003	203
2004	337
2004	1081
2004	1280
2004	2529
2005	618
2005	1848
2005	2286
2006	1625
2006	2567
2007	1222
2007	2535
2010	379
2011	2506
2012	1027
2013	601
2015	534
2018	1718
2018	2406
2019	284
2019	588
2019	872
2019	2527
2020	178
2020	368
2020	1650
2024	2271
2025	810
2025	1544
2025	1950
2026	1164
2028	1457
2028	2487
2030	1528
2031	772
2032	2530
2034	165
2034	843
2034	982
2034	1297
2034	1806
2037	107
2037	282
2037	1821
2037	2510
2038	1201
2041	24
2041	1793
2041	1867
2041	2075
2041	2516
2045	640
2045	1581
2045	2103
2045	2128
2046	267
2046	506
2046	1582
2046	1947
2046	2202
2047	337
2047	2529
2049	17
2049	67
2049	360
2049	865
2049	1022
2049	1106
2049	1160
2049	1169
2049	1695
2049	1811
2049	2042
2049	2072
2049	2098
2049	2121
2049	2303
2049	2382
2049	2566
2050	1259
2050	1590
2054	204
2054	2356
2054	2410
2057	194
2059	240
2059	2450
2062	204
2062	2387
2063	2553
2064	697
2068	1474
2069	25
2069	2272
2070	2242
2070	2340
2072	1265
2073	572
2073	1305
2073	2308
2074	949
2074	2406
2075	269
2076	1450
2077	509
2082	2017
2082	2548
2083	82
2085	847
2085	990
2085	1776
2086	1693
2088	1490
2089	1297
2090	501
2090	2475
2091	2246
2094	355
2094	2098
2096	1275
2097	562
2099	27
2099	1481
2099	1485
2100	2208
2101	317
2101	1534
2101	1760
2101	2540
2102	1557
2104	2167
2104	2517
2106	1530
2108	611
2109	60
2109	880
2113	587
2113	990
2113	1358
2113	1511
2113	1759
2114	113
2117	39
2119	490
2119	670
2119	750
2119	759
2119	786
2119	1008
2119	1155
2119	1247
2119	1435
2119	1466
2119	1580
2119	1713
2119	2036
2119	2256
2120	992
2124	1828
2125	1616
2127	2523
2129	2293
2130	1325
2131	428
2131	604
2131	1142
2131	1322
2131	2022
2131	2040
2131	2370
2131	2468
2132	77
2132	2027
2132	2164
2132	2169
2133	1998
2134	399
2134	736
2135	2344
2136	141
2137	498
2137	1678
2138	1842
2138	2112
2138	2468
2141	701
2142	1860
2143	398
2144	650
2144	1306
2145	1220
2146	2157
2147	340
2147	1544
2147	1607
2147	1950
2148	470
2149	1845
2149	2369
2151	284
2152	2402
2155	994
2156	137
2156	664
2156	787
2156	999
2156	1159
2156	1588
2156	1725
2156	1768
2156	1884
2156	2094
2156	2224
2156	2418
2156	2555
2158	183
2158	767
2160	408
2160	839
2160	1413
2160	2128
2163	692
2163	1342
2165	925
2166	934
2168	345
2168	843
2170	487
2170	957
2171	1428
2175	431
2175	670
2175	803
2175	2036
2175	2507
2176	1573
2178	320
2178	2268
2185	399
2185	736
2187	123
2187	1437
2187	2262
2187	2310
2188	1208
2188	1285
2188	1462
2188	1647
2189	595
2190	1273
2193	70
2197	2174
2198	1079
2198	2476
2201	2250
2201	2403
2202	267
2202	1947
2203	2215
2204	644
2204	755
2204	884
2205	1326
2205	1851
2205	2412
2208	69
2208	399
2213	1917
2216	493
2216	651
2216	2513
2217	186
2217	1066
2218	1549
2219	1601
2219	2022
2220	460
2223	1241
2223	1382
2223	1777
2223	2446
2225	322
2227	1407
2229	175
2231	239
2232	689
2232	887
2232	1356
2232	1405
2232	1706
2233	676
2233	1332
2233	2411
2235	2107
2236	1158
2236	1425
2239	1802
2241	2078
2242	2575
2244	383
2244	951
2244	1233
2244	1675
2244	2200
2245	18
2245	27
2245	629
2245	1481
2245	1485
2245	2099
2245	2473
2246	1743
2248	107
2249	1420
2251	549
2251	1245
2252	650
2252	2360
2254	2068
2255	821
2257	131
2258	1113
2258	1230
2258	2445
2259	437
2259	1930
2259	2086
2259	2159
2259	2294
2260	570
2261	8
2261	318
2261	1476
2262	123
2262	1609
2265	201
2265	1497
2266	667
2269	2362
2271	2024
2273	1604
2275	793
2275	2207
2275	2340
2276	1641
2276	1975
2277	290
2278	1087
2278	1236
2279	2422
2281	27
2281	126
2281	149
2281	988
2281	1528
2282	365
2282	1995
2283	178
2283	204
2283	882
2283	1094
2283	2049
2283	2091
2283	2284
2283	2347
2283	2568
2286	824
2286	2253
2287	1852
2288	654
2288	1607
2288	1879
2288	2087
2288	2311
2290	208
2290	1954
2292	1084
2292	1834
2292	1970
2295	963
2296	886
2297	1918
2299	37
2299	459
2302	658
2303	360
2303	1169
2303	1735
2304	59
2304	222
2304	1093
2304	1182
2304	1447
2304	1574
2304	1775
2304	2112
2305	1415
2305	2228
2306	517
2306	1792
2306	1857
2306	2242
2307	1140
2307	1606
2309	122
2309	159
2309	334
2309	721
2309	951
2309	1233
2309	2093
2312	412
2312	884
2313	305
2313	2194
2314	300
2316	955
2321	845
2321	2142
2322	1025
2322	2118
2324	618
2324	1558
2324	1848
2325	761
2325	1931
2326	1074
2327	762
2328	331
2328	2310
2328	2425
2329	595
2334	2491
2336	249
2338	15
2338	392
2338	823
2338	1827
2338	1878
2339	258
2339	273
2339	617
2339	627
2339	967
2339	1707
2339	2243
2342	1121
2343	1407
2344	150
2348	829
2349	472
2349	475
2349	631
2349	881
2349	1420
2349	1491
2349	1692
2349	2090
2353	1675
2355	960
2355	1146
2355	1674
2357	558
2357	1021
2357	2351
2358	2193
2359	1865
2359	2092
2359	2203
2361	387
2361	1806
2363	558
2363	869
2363	1352
2363	1529
2363	2296
2363	2551
2365	806
2367	268
2368	641
2368	1312
2368	1795
2368	2481
2369	1385
2370	25
2370	242
2370	587
2370	847
2370	900
2370	1483
2370	1737
2370	2048
2370	2069
2370	2272
2370	2549
2371	72
2372	908
2374	41
2377	2462
2378	680
2378	1087
2378	1236
2378	1385
2378	1604
2378	1860
2380	590
2380	1874
2380	2407
2381	1132
2381	2302
2381	2478
2384	2518
2385	756
2389	134
2389	302
2389	1359
2389	1375
2393	2034
2393	2089
2394	815
2394	1302
2394	1661
2394	1714
2398	159
2399	1882
2399	2217
2400	1296
2401	622
2401	661
2403	1403
2403	1441
2403	1605
2403	2201
2407	719
2407	1203
2407	1350
2407	2115
2413	214
2413	789
2414	1643
2416	758
2416	2332
2416	2353
2419	834
2419	1342
2419	2439
2421	1077
2424	2121
2427	783
2428	1577
2430	1047
2430	1630
2431	771
2431	834
2431	1469
2436	357
2436	1068
2436	1540
2436	1651
2437	355
2437	911
2437	1357
2437	1682
2438	1393
2440	154
2440	318
2440	2143
2440	2261
2441	2298
2442	1517
2442	1865
2442	2060
2443	243
2443	921
2443	1742
2446	60
2446	1382
2446	1777
2446	2471
2447	2303
2448	960
2449	354
2449	1715
2449	1942
2449	2573
2453	220
2453	650
2453	1306
2453	2144
2455	1698
2456	144
2457	760
2458	58
2458	416
2458	1050
2458	1158
2458	1425
2460	729
2460	2230
2464	344
2464	430
2464	538
2465	133
2465	520
2467	6
2469	350
2469	1056
2469	1923
2470	1621
2470	2496
2471	60
2471	2446
2472	175
2472	2229
2472	2289
2472	2394
2474	2030
2475	1203
2475	1270
2478	132
2479	364
2479	543
2479	1206
2479	2219
2480	730
2480	1835
2481	95
2482	438
2482	599
2482	1566
2482	1934
2482	2150
2485	1150
2487	1547
2488	1788
2488	2053
2489	18
2489	72
2489	83
2489	344
2489	428
2489	437
2489	630
2489	718
2489	862
2489	1108
2489	1234
2489	1327
2489	1416
2489	1547
2489	1583
2489	1617
2489	1645
2489	1665
2489	1672
2489	1700
2489	1857
2489	2259
2489	2483
2490	37
2493	29
2493	864
2493	1057
2493	1318
2493	1488
2493	1641
2493	1926
2493	1975
2493	2494
2496	249
2499	45
2499	289
2500	1016
2500	1079
2501	139
2501	146
2501	1304
2501	1419
2501	1659
2501	2553
2503	1860
2503	2390
2505	2084
2508	1615
2510	1766
2510	2319
2511	704
2512	1085
2513	493
2514	56
2516	269
2519	893
2520	273
2520	478
2520	624
2520	934
2520	1467
2520	2135
2520	2166
2520	2333
2521	18
2521	291
2521	433
2521	1335
2521	1911
2521	2556
2522	2117
2523	1241
2524	11
2524	370
2524	1333
2524	1585
2531	1264
2531	1307
2531	2382
2533	1743
2533	2246
2533	2283
2534	1146
2534	2181
2535	653
2535	1222
2535	2007
2537	284
2537	479
2537	642
2537	878
2537	903
2537	1164
2537	1358
2537	1867
2537	2151
2537	2154
2537	2309
2541	839
2542	1601
2543	2240
2545	296
2546	1351
2546	2167
2547	1546
2549	86
2549	185
2549	1041
2549	1368
2549	1454
2549	1559
2549	1644
2549	1723
2550	147
2550	474
2550	631
2550	1255
2552	190
2552	258
2552	2338
2552	2368
2554	910
2554	2247
2557	42
2558	425
2561	333
2562	1915
2565	605
2565	1573
2565	2176
2566	793
2567	735
2567	1625
2567	1929
2567	2107
2569	65
2569	87
2569	509
2571	1017
2572	28
2572	518
2574	472
2574	485
2574	2221
2576	7
2577	591
2578	1341
2578	1828
2579	482
2579	1043
