0	1704
1	595
1	1327
1	1983
3	1347
4	1236
5	89
5	373
5	1067
5	1942
5	1986
5	2417
7	351
10	1462
10	1546
10	1990
11	255
11	433
11	635
11	1490
11	1570
11	1600
11	2333
12	782
13	25
13	2113
16	604
16	711
16	903
16	1728
16	1808
16	1931
16	2005
18	1636
18	1944
18	2033
19	1908
19	2105
19	2280
20	633
20	1479
20	2454
23	1667
25	654
25	1246
25	2351
26	451
26	1334
26	1663
26	2042
26	2509
29	1482
36	2305
38	1163
38	2534
40	1832
42	1797
43	1979
44	217
44	488
45	536
45	1830
47	1395
47	2263
48	112
48	146
48	284
48	303
48	451
48	537
48	563
48	690
48	763
48	1056
48	1084
48	1141
48	1392
48	1417
48	1550
48	1680
48	1806
48	1864
48	2006
48	2027
48	2068
48	2074
48	2190
48	2278
48	2324
48	2472
48	2530
54	2
54	295
54	887
54	896
54	1418
54	1814
54	1817
54	1898
54	2381
55	62
55	1243
55	1499
55	1948
55	2530
56	1203
58	2558
60	1019
60	2183
60	2337
61	1
61	595
61	1154
61	1420
66	212
66	332
66	1111
66	2196
67	389
67	539
67	694
67	830
67	884
67	956
67	1027
67	1038
67	1120
67	1176
67	1408
67	1787
68	668
69	2467
73	390
73	2008
73	2069
73	2109
74	2292
76	1570
77	601
77	845
77	1312
77	1433
77	2393
78	560
79	637
79	1119
81	2258
83	2283
84	884
84	2150
86	2071
86	2426
88	316
88	1318
88	1752
88	2188
88	2189
88	2415
88	2490
89	373
89	1067
89	1725
89	1986
89	2529
91	2556
92	1090
92	1869
93	959
95	28
95	189
95	330
95	528
95	967
95	1323
95	1778
95	1938
95	2379
96	711
96	1361
96	1557
96	1716
97	248
97	350
97	437
97	541
97	1845
97	2279
97	2500
98	867
100	520
100	1194
101	228
102	2249
105	1918
105	1948
105	2363
106	87
107	1460
107	1974
108	306
108	350
108	358
108	708
108	838
108	1011
108	1095
108	1211
108	1227
108	1263
108	1283
108	1413
108	1454
108	1636
108	1721
108	1802
108	1870
108	1911
108	1944
108	1957
108	2262
108	2335
108	2444
112	478
112	904
115	382
115	937
115	1914
115	2092
117	1233
120	809
122	524
122	1744
123	15
123	548
123	2060
123	2485
124	954
124	1225
124	2056
124	2081
124	2184
125	165
125	346
125	953
125	1044
125	1100
125	1494
125	1629
125	1673
125	1849
125	1880
125	2495
126	582
128	471
128	1137
133	276
134	131
134	391
134	644
134	730
134	744
134	1327
134	1856
135	662
136	2459
137	113
137	334
137	1712
137	2024
137	2508
137	2522
138	861
138	2306
139	22
139	726
139	824
140	2041
140	2061
142	523
142	1276
142	1693
142	1795
147	516
148	413
148	540
148	731
148	788
148	964
148	992
148	1081
148	1258
148	1525
148	1578
148	1585
148	1751
148	1759
148	1787
148	1822
148	1872
148	2014
148	2015
148	2254
148	2401
148	2511
149	2312
150	1294
151	316
151	1084
151	1823
151	1961
151	2415
151	2490
152	1522
153	41
153	2423
155	2422
157	116
157	618
158	1502
158	2233
159	1031
159	1362
160	2292
161	516
163	250
163	586
163	2029
165	1231
165	1537
165	1598
166	1188
168	1970
169	271
169	334
169	1273
169	1581
169	1712
170	812
171	736
171	1198
171	1920
175	237
175	1410
176	553
176	657
176	1063
176	1658
176	1910
176	2181
176	2200
179	373
179	1942
180	166
180	762
180	1641
180	1724
180	2011
182	1734
183	292
183	689
184	590
184	2544
187	1112
187	1645
190	2211
191	34
191	1018
191	2557
196	1619
202	1856
202	1927
205	170
206	1043
206	2345
206	2375
206	2394
207	1741
208	2233
209	195
209	1467
211	21
211	548
211	1372
212	1111
212	2196
213	622
213	860
213	917
213	1838
213	1993
213	2269
213	2379
215	2165
217	1064
217	1694
219	187
219	456
219	547
219	684
219	801
219	1971
221	329
221	1226
221	1354
221	1369
221	1829
221	1879
221	2376
225	1567
226	1103
228	101
228	1113
231	226
231	734
231	777
231	1714
231	1907
231	2375
231	2483
232	1208
232	1215
232	2204
236	1442
237	41
237	2473
239	930
244	1703
250	586
251	288
251	430
251	903
251	1125
251	1624
251	1923
251	2342
251	2391
254	512
254	1193
254	1272
254	1541
254	2497
257	1315
258	558
260	379
260	583
260	723
260	1535
260	1584
260	1950
261	568
262	494
263	504
263	552
263	593
263	811
263	1736
263	1917
264	482
264	1853
266	1875
268	265
268	1011
269	386
273	1604
276	2222
277	1772
277	1805
278	888
278	2097
279	1658
280	1410
280	2149
281	2008
282	1057
282	1664
283	114
283	1505
284	1312
285	293
285	1082
285	1709
286	594
286	683
287	1052
287	1729
290	2139
291	713
291	865
291	942
291	1034
291	1068
291	1884
292	399
292	509
292	923
292	1276
292	2467
292	2473
294	1049
295	2548
298	706
300	59
300	1044
300	1100
300	1494
302	147
308	934
308	1663
310	557
310	1517
313	466
313	1116
313	1620
313	2322
315	2293
317	459
317	635
317	814
317	1033
317	1189
317	1433
317	1446
317	1570
317	1612
317	1707
317	1864
317	1898
317	2213
318	1060
318	2210
320	742
320	797
320	2481
321	249
321	2247
322	1169
323	1499
323	2131
324	2308
325	226
326	1767
328	80
329	1973
333	1007
334	62
334	65
334	113
334	252
334	297
334	389
334	441
334	472
334	539
334	695
334	853
334	863
334	963
334	1182
334	1243
334	1266
334	1408
334	1487
334	1543
334	1557
334	1704
334	1709
334	1799
334	1864
334	1972
334	2318
334	2352
334	2406
334	2416
334	2458
334	2508
334	2522
336	910
336	1057
337	605
337	1672
339	1618
341	126
341	565
341	1476
342	1366
342	2151
345	297
345	1332
347	1691
350	541
350	1852
354	660
354	2295
356	1059
359	450
359	2033
359	2301
359	2419
359	2491
361	2082
362	265
362	562
362	781
362	1173
362	1781
362	1837
362	2152
363	104
368	360
368	412
368	1660
368	1701
368	2420
371	46
373	2417
376	181
376	1203
376	2562
377	2025
379	886
379	943
380	1186
381	1219
382	616
382	1512
382	1914
383	1814
384	50
386	269
387	189
387	2317
388	1167
390	725
390	1250
390	1689
390	2000
394	12
394	483
394	1264
395	1149
395	1464
396	453
396	544
396	2193
400	1325
402	1080
408	543
410	767
416	1551
420	178
420	1396
421	1010
422	703
422	1117
424	2366
425	405
426	47
426	2263
426	2464
428	31
428	871
428	1036
428	1310
428	1411
428	1965
428	1987
428	2477
429	111
429	433
429	863
431	371
431	1974
431	2071
431	2202
431	2475
431	2487
432	2545
434	1032
437	350
438	679
441	15
441	2543
442	675
442	769
442	945
444	584
446	1649
446	1688
446	1813
447	983
449	1428
449	1807
452	1707
455	174
455	895
455	1176
456	684
457	1374
458	244
458	255
458	288
458	347
458	763
458	1234
458	1312
458	1325
458	1391
458	1392
458	1417
458	1550
458	1691
458	1792
458	1839
458	2027
458	2062
458	2110
458	2229
458	2301
458	2366
458	2537
458	2548
459	486
460	90
460	324
460	1421
460	2525
462	256
462	1178
462	1277
463	127
465	705
465	912
465	1196
465	1229
465	1621
465	2203
466	1116
468	794
469	609
469	713
471	451
471	1717
478	773
481	610
481	863
482	405
484	1276
484	1428
484	2012
485	1386
485	1835
485	2191
486	1265
487	421
487	1152
487	1234
487	1519
488	1047
489	324
489	1529
489	2233
489	2525
490	12
490	28
490	247
490	330
490	443
490	1073
490	1171
490	1330
490	1409
490	1468
490	1786
490	2088
490	2140
493	234
495	793
495	1461
495	1699
495	2106
496	152
496	232
496	761
496	2455
501	2538
502	1263
504	1228
504	1811
505	11
505	537
505	1521
505	2198
505	2456
506	1673
507	1291
508	241
508	2168
509	69
509	2467
510	1574
510	1937
512	246
512	393
512	1145
514	1130
514	1309
514	1571
514	2153
516	1104
517	1791
518	177
518	2270
519	1465
521	1686
522	1781
525	112
525	2337
526	1005
526	1256
527	2072
529	902
530	328
530	1302
530	1783
532	659
532	826
532	1066
532	2432
533	1812
536	2025
538	15
538	20
538	545
538	706
538	784
538	988
538	2019
538	2475
538	2543
539	334
539	2458
540	2254
541	1904
542	1935
546	1580
550	1159
550	1443
550	1784
550	2159
550	2356
550	2420
551	2249
553	1886
554	925
554	936
554	1721
554	2147
554	2175
554	2371
555	993
556	352
556	847
556	1969
556	2434
559	1116
559	1620
562	925
562	1454
562	1870
563	593
566	745
566	1737
566	2085
566	2220
566	2509
567	1306
567	1835
569	270
570	851
570	2077
571	388
571	1361
571	1667
571	2110
573	1083
575	287
575	1052
575	1729
576	1751
578	509
578	877
578	1833
578	2326
580	789
580	2235
580	2269
581	1056
581	1806
581	2190
581	2510
584	445
586	250
587	1522
587	2464
588	470
589	90
589	109
589	568
590	119
590	129
590	469
590	494
590	1427
590	1610
590	1748
590	2032
590	2085
590	2220
592	417
592	418
592	681
592	1337
592	1404
593	1260
593	1328
593	1458
595	1420
595	1542
596	789
596	2361
597	696
597	2410
598	1503
599	341
599	634
599	727
599	824
599	868
599	897
599	1028
599	1159
599	1422
599	1426
599	1458
599	1588
599	1654
599	1677
599	1735
599	2103
599	2469
600	933
602	1925
602	2138
603	585
605	312
605	2127
605	2178
605	2179
606	848
606	2066
607	1071
610	557
610	814
610	1607
610	2334
610	2489
611	240
611	1057
611	1125
613	1825
614	1168
617	1827
619	564
620	146
620	312
620	335
620	348
620	535
620	548
620	706
620	715
620	746
620	769
620	844
620	849
620	1136
620	1196
620	1217
620	1273
620	1328
620	1356
620	1467
620	1664
620	1712
620	1868
620	1958
620	2060
620	2072
620	2128
620	2378
620	2440
620	2508
623	1418
624	6
625	957
626	377
626	402
626	2388
629	927
630	887
632	1517
632	1548
632	2002
635	926
635	1469
636	1388
637	79
637	1119
639	2029
639	2132
640	1146
644	765
645	1119
645	1242
648	1922
650	285
652	751
652	1071
652	1190
652	1721
652	2371
653	778
655	735
658	128
658	1177
658	1396
660	2295
663	1935
664	271
664	2117
665	2519
667	2115
669	82
669	154
669	916
669	1127
669	1530
669	1628
669	1674
669	1789
669	1929
669	2079
669	2227
669	2285
670	832
670	2329
670	2370
670	2397
672	288
673	132
677	1501
677	1844
678	1514
678	1694
680	642
680	1157
681	2546
682	24
682	843
682	2403
684	547
684	1814
687	673
687	1020
687	2267
692	546
692	1447
692	1488
692	1580
695	44
695	1543
698	1455
699	845
699	1316
699	1346
699	2030
699	2102
699	2393
704	203
704	1359
704	1494
704	1849
706	147
706	161
706	302
706	516
706	1345
706	2249
706	2280
706	2411
708	511
708	603
708	838
708	946
708	2335
709	1069
710	765
712	187
712	370
712	955
712	1313
712	1616
712	2352
714	922
714	1115
714	2014
714	2176
715	1439
716	857
716	2509
717	70
717	82
717	1043
717	1170
717	1338
720	161
720	302
720	521
720	706
720	958
720	1345
720	1686
721	829
721	2051
721	2194
722	1706
724	264
724	509
724	1853
725	1202
725	1638
725	2012
725	2486
729	686
732	220
732	434
732	1032
732	1526
734	1444
737	1672
738	365
739	1732
740	688
740	1380
741	1475
743	496
743	585
743	2247
743	2434
748	2
748	185
748	713
748	2335
749	621
749	631
749	815
749	1135
750	352
751	726
753	1486
755	996
755	1949
757	948
757	1072
757	1101
757	1497
757	2505
758	1204
759	793
760	145
761	633
761	1588
761	2404
763	111
763	1016
763	1360
763	2229
763	2366
766	370
766	1157
766	1616
768	163
768	250
768	495
768	586
768	639
768	641
768	1239
768	1699
768	2028
768	2029
768	2234
769	729
771	110
771	616
772	1180
773	1600
773	2333
774	297
774	345
774	1195
777	1020
777	2483
779	372
779	654
779	984
779	1088
779	1226
779	1541
779	1582
779	1829
779	2162
779	2470
780	1238
780	1478
781	1531
783	790
784	554
784	946
784	2086
785	1981
786	473
788	197
788	408
788	543
788	1578
790	304
791	72
791	605
791	2178
792	1718
792	1888
792	2185
792	2231
793	759
793	1023
793	1672
793	2028
794	468
795	1743
798	2140
799	1162
801	1361
802	94
802	418
802	572
802	860
802	1153
802	2160
802	2243
803	794
803	1029
803	1198
803	1758
804	1001
806	1147
806	1286
806	2119
806	2158
810	807
813	2488
817	1999
818	492
818	960
818	1520
818	1784
818	2159
819	1775
820	1252
820	1359
824	1458
824	1739
826	1216
826	1995
826	2520
827	888
827	2505
827	2546
828	392
828	1343
829	721
829	2194
830	67
830	174
830	204
830	455
830	956
830	1027
830	1120
830	1176
830	1493
830	1617
830	1822
830	1928
830	2150
831	1843
833	17
833	192
833	1324
835	1
835	277
835	420
835	528
835	2064
835	2358
835	2400
836	1370
837	821
838	1637
839	11
839	235
839	1039
839	1260
839	1367
839	2559
842	861
845	2393
846	754
846	773
848	2066
850	927
850	2203
852	1139
852	1760
853	1408
854	2142
855	212
855	332
856	284
856	458
856	537
856	1054
856	1462
856	1492
856	1990
856	2278
856	2339
857	1771
858	823
862	2082
869	396
869	544
869	693
869	911
869	1004
869	1246
869	1687
869	2374
872	461
873	2162
874	82
874	1253
874	1316
874	2102
875	149
875	1647
876	307
876	372
876	891
876	1496
876	1884
876	2062
876	2209
876	2297
878	1142
879	266
879	1925
879	2098
879	2267
881	523
881	1890
881	2559
882	305
883	1375
883	2435
885	907
885	2428
885	2452
886	943
889	1103
890	2299
892	216
892	2334
892	2430
893	2425
895	455
895	1176
895	1591
895	2150
896	623
896	1418
897	21
897	1651
898	1010
898	1469
898	2291
898	2491
899	676
899	2392
900	724
900	1496
901	530
901	1783
904	235
904	452
904	773
904	839
904	857
904	1367
904	1612
904	1806
906	2158
908	1232
909	934
911	453
911	544
911	2193
913	659
913	826
913	1267
913	1504
913	1967
913	2432
914	224
915	628
915	1436
916	231
916	717
916	1035
916	1170
916	1352
916	1397
916	1460
916	1484
916	1509
916	1576
916	1670
916	1674
916	1714
916	2059
916	2266
916	2430
917	1349
918	344
918	603
918	1009
918	1099
918	1381
918	1792
920	1290
920	1592
920	1793
920	2026
920	2077
921	717
921	1674
921	2475
921	2562
923	292
923	689
927	243
928	124
928	160
928	924
928	954
928	1058
928	1279
928	1738
928	1858
928	2081
928	2184
928	2221
928	2385
929	313
930	1006
933	229
939	2155
940	2055
942	552
942	811
942	897
942	1274
942	1920
943	886
944	790
945	675
945	769
945	1467
945	2127
945	2179
945	2296
946	2283
947	702
952	2392
953	45
953	203
953	230
953	506
953	844
953	1044
953	1432
953	1437
953	1571
953	1619
953	1673
953	1849
953	2246
958	536
959	93
959	1192
960	492
960	891
960	1984
960	2159
961	1398
961	1597
962	2098
962	2267
966	1923
967	1349
970	605
970	675
971	1586
971	1972
973	496
973	743
975	2039
977	232
977	440
977	751
977	1215
977	1479
977	1482
977	1522
977	2086
977	2204
977	2455
979	800
979	2258
979	2374
979	2554
980	725
980	1457
982	1589
983	447
985	285
985	1657
986	290
986	647
986	825
986	909
986	1292
986	2142
986	2180
986	2191
986	2353
987	436
987	890
987	1814
987	2356
988	10
988	114
988	298
988	435
988	441
988	607
988	613
988	784
988	977
988	1247
988	1660
988	1713
988	1828
988	1954
988	2454
988	2484
989	369
990	1833
998	1838
1000	1259
1000	1528
1000	1889
1000	2057
1002	242
1003	535
1003	1329
1003	1773
1003	2448
1004	25
1004	173
1004	396
1004	752
1004	911
1004	1191
1004	1605
1004	1695
1004	2193
1004	2351
1004	2374
1005	585
1005	1438
1008	18
1008	667
1008	717
1008	847
1008	872
1008	984
1008	1129
1008	1146
1008	1164
1008	1582
1008	1793
1008	2077
1008	2257
1008	2286
1009	918
1009	1094
1012	759
1012	1151
1012	1239
1012	1572
1012	2029
1013	1768
1014	943
1014	2276
1016	918
1023	793
1023	1672
1024	1896
1024	2365
1025	2338
1028	21
1028	130
1028	296
1028	301
1028	341
1028	369
1028	747
1028	824
1028	868
1028	993
1028	1261
1028	1291
1028	1422
1028	1558
1028	1588
1028	1651
1028	1677
1028	1774
1028	1833
1028	2121
1028	2373
1028	2377
1028	2399
1028	2404
1028	2407
1030	1038
1031	390
1031	1689
1034	291
1034	865
1035	132
1035	359
1035	450
1035	1297
1035	1352
1035	1569
1036	620
1036	871
1036	1061
1036	1310
1036	1987
1036	2477
1037	287
1037	575
1037	1052
1037	1729
1039	1521
1039	2034
1039	2443
1040	852
1041	862
1042	22
1042	123
1042	167
1042	1625
1042	1957
1042	2036
1042	2060
1046	719
1046	1797
1046	2344
1046	2551
1050	748
1050	1530
1050	1637
1050	1755
1050	1845
1050	1865
1050	2141
1050	2189
1052	37
1052	62
1052	763
1052	767
1052	1091
1052	1094
1052	1181
1052	1258
1052	1431
1052	1441
1052	1567
1052	1650
1052	1668
1052	1704
1052	1876
1052	1934
1052	2054
1052	2067
1052	2216
1052	2287
1052	2318
1054	1996
1055	711
1055	718
1055	903
1055	1629
1055	1728
1055	2002
1055	2206
1060	674
1060	2210
1061	1310
1061	2477
1063	553
1063	974
1063	2164
1064	2426
1065	19
1065	1348
1065	2166
1069	709
1070	17
1070	98
1070	130
1070	168
1070	454
1070	891
1070	1011
1070	1204
1070	1618
1070	1783
1070	1839
1070	1984
1070	2171
1070	2550
1071	666
1071	1724
1072	615
1072	948
1072	1101
1075	814
1075	1068
1075	1404
1075	1490
1075	1607
1075	2489
1077	487
1080	1694
1081	343
1081	1271
1082	227
1084	546
1084	933
1084	1580
1084	1823
1084	1961
1084	1990
1085	2475
1087	357
1087	959
1087	2503
1089	733
1089	2438
1091	1567
1093	840
1094	1876
1094	2253
1095	1510
1095	1681
1095	2242
1096	2508
1097	1118
1097	1257
1097	1436
1097	1720
1097	2540
1098	651
1099	1567
1099	2287
1101	1189
1102	172
1102	877
1102	925
1102	1190
1102	1846
1102	2121
1102	2208
1103	889
1103	2483
1104	147
1104	516
1107	968
1108	1259
1108	1385
1108	1528
1108	1932
1108	2057
1109	154
1110	21
1110	1347
1110	1614
1110	1625
1112	68
1112	99
1112	138
1112	194
1112	205
1112	228
1112	233
1112	309
1112	473
1112	500
1112	558
1112	577
1112	615
1112	646
1112	680
1112	690
1112	695
1112	785
1112	1009
1112	1100
1112	1142
1112	1181
1112	1240
1112	1311
1112	1354
1112	1377
1112	1381
1112	1497
1112	1551
1112	1562
1112	1573
1112	1577
1112	1590
1112	1623
1112	1643
1112	1650
1112	1668
1112	1685
1112	1753
1112	1770
1112	1775
1112	1829
1112	1879
1112	1920
1112	1924
1112	2091
1112	2100
1112	2126
1112	2199
1112	2294
1112	2366
1112	2376
1112	2493
1112	2508
1112	2547
1113	101
1113	228
1114	954
1115	543
1115	573
1115	714
1115	731
1115	788
1115	922
1115	964
1115	992
1115	1083
1115	1449
1115	1578
1115	1872
1115	2014
1115	2176
1115	2254
1115	2401
1118	1257
1118	1436
1118	2540
1121	136
1121	2052
1121	2459
1122	1740
1124	189
1124	802
1126	677
1127	293
1130	1329
1131	2167
1133	1409
1134	1741
1136	1003
1136	2128
1138	247
1138	567
1138	733
1138	905
1138	1089
1138	1386
1138	1481
1138	1818
1138	1946
1139	1760
1141	1733
1141	2456
1142	791
1142	2095
1144	57
1145	246
1148	918
1148	1381
1150	759
1153	572
1154	1
1154	1542
1155	427
1157	746
1157	766
1157	1994
1157	2094
1158	50
1158	1247
1158	1660
1159	1739
1165	1875
1166	241
1166	2547
1167	1438
1170	1603
1170	2457
1172	824
1172	1308
1172	1443
1172	2247
1174	241
1174	1561
1175	1348
1175	2507
1176	455
1179	157
1181	201
1183	164
1183	197
1183	408
1183	731
1183	1115
1183	1525
1183	1585
1183	1959
1183	2093
1183	2176
1183	2401
1184	1406
1184	1794
1184	2425
1184	2430
1184	2537
1185	38
1188	166
1189	574
1189	1033
1189	1791
1189	2045
1189	2161
1189	2191
1198	736
1198	1317
1200	2165
1201	1570
1203	1210
1205	341
1206	451
1206	787
1206	1306
1206	2303
1207	1227
1207	1358
1207	2462
1208	888
1208	907
1209	1379
1210	1203
1212	502
1212	554
1212	1756
1212	1911
1218	864
1220	177
1220	2270
1221	1119
1221	1242
1224	568
1224	1502
1224	2509
1226	309
1226	1354
1226	1369
1226	1541
1227	1086
1228	1768
1228	2465
1230	290
1231	1718
1232	2505
1235	2342
1237	1108
1237	1259
1237	1385
1237	1528
1237	1889
1237	1932
1239	2106
1242	79
1242	259
1242	430
1242	637
1242	1284
1242	2268
1244	222
1244	358
1244	393
1244	562
1244	1173
1244	1207
1244	1676
1244	1713
1244	1865
1244	2384
1244	2410
1244	2521
1245	1265
1246	654
1246	1326
1246	2351
1247	2484
1249	642
1249	2273
1251	52
1251	582
1251	2515
1252	165
1252	820
1252	1598
1252	2022
1254	691
1254	1359
1254	2495
1255	889
1256	344
1256	708
1256	2289
1257	915
1264	12
1264	394
1264	483
1264	1854
1267	185
1267	401
1267	659
1267	671
1267	826
1267	1066
1267	1216
1267	1504
1267	1556
1267	1967
1267	1995
1267	2432
1267	2520
1268	2416
1275	1105
1275	2481
1276	449
1276	1795
1277	256
1277	462
1277	1178
1278	2080
1280	351
1280	576
1280	2465
1281	414
1282	838
1282	1637
1283	1413
1286	51
1286	1366
1286	1697
1286	2151
1286	2252
1286	2349
1286	2387
1288	1997
1289	1501
1293	1167
1293	1667
1294	186
1298	12
1298	28
1298	34
1298	107
1298	119
1298	189
1298	277
1298	330
1298	528
1298	782
1298	1171
1298	1248
1298	1604
1298	1610
1298	1748
1298	1856
1298	1927
1298	1938
1298	1974
1298	2418
1300	680
1300	837
1302	80
1302	103
1302	328
1302	530
1302	1783
1302	2533
1303	877
1304	1190
1304	2316
1305	887
1307	906
1311	1131
1311	1627
1311	2469
1314	1999
1315	257
1315	2414
1316	18
1316	210
1316	1636
1318	316
1318	341
1318	379
1318	1378
1318	1527
1318	1752
1318	2396
1318	2415
1318	2490
1320	1558
1321	35
1321	351
1321	414
1321	497
1321	823
1321	1117
1321	1403
1321	1407
1321	1954
1321	2115
1321	2257
1322	1570
1323	189
1323	387
1323	1171
1323	1778
1323	1956
1324	685
1325	685
1325	2395
1326	654
1331	2050
1331	2346
1332	524
1332	861
1333	1163
1333	1436
1333	1463
1333	1720
1333	2282
1333	2326
1335	700
1335	1132
1338	2554
1339	1364
1339	1610
1339	1777
1341	1422
1344	2156
1346	1123
1350	416
1350	809
1351	894
1352	359
1352	800
1352	866
1352	1670
1352	2374
1352	2419
1352	2554
1357	1495
1358	740
1358	1549
1358	2462
1359	780
1359	1238
1361	104
1362	406
1362	1031
1362	2008
1362	2534
1364	579
1365	162
1365	931
1366	2151
1368	454
1368	1834
1368	2239
1368	2384
1371	1005
1372	403
1372	688
1372	996
1372	1042
1372	1249
1372	1819
1373	1552
1373	1648
1373	2116
1374	457
1374	1674
1374	1798
1375	1029
1376	1766
1377	805
1378	649
1378	1017
1380	1596
1383	529
1390	99
1390	233
1390	238
1390	252
1390	355
1390	475
1390	480
1390	508
1390	521
1390	549
1390	600
1390	690
1390	719
1390	785
1390	859
1390	918
1390	935
1390	956
1390	978
1390	1049
1390	1099
1390	1122
1390	1174
1390	1213
1390	1270
1390	1273
1390	1348
1390	1356
1390	1360
1390	1382
1390	1392
1390	1431
1390	1441
1390	1514
1390	1545
1390	1550
1390	1560
1390	1565
1390	1590
1390	1650
1390	1668
1390	1686
1390	1740
1390	1753
1390	1822
1390	1876
1390	1894
1390	1908
1390	1934
1390	1980
1390	2031
1390	2048
1390	2166
1390	2168
1390	2177
1390	2190
1390	2245
1390	2253
1390	2280
1390	2294
1390	2360
1390	2362
1390	2427
1390	2439
1395	47
1397	717
1397	1035
1397	1925
1397	2041
1397	2555
1398	1500
1398	2340
1399	1148
1399	1377
1400	697
1401	104
1401	1473
1401	1964
1405	1497
1405	1624
1405	1629
1405	1739
1405	2201
1405	2342
1406	156
1406	381
1406	407
1406	409
1406	747
1406	1219
1406	1410
1406	1678
1406	1734
1406	1755
1406	2244
1406	2279
1406	2422
1411	214
1411	753
1412	1355
1413	822
1416	349
1416	2392
1417	1550
1418	623
1420	61
1420	439
1420	1154
1420	1542
1424	296
1424	1143
1424	1651
1424	2021
1424	2404
1427	526
1427	773
1427	856
1427	978
1427	1051
1427	1056
1427	1123
1427	1189
1427	1344
1427	1363
1427	1371
1427	1492
1427	1575
1427	1840
1427	1996
1427	2045
1427	2122
1427	2142
1427	2191
1427	2195
1427	2207
1427	2523
1428	1807
1430	109
1430	568
1432	51
1432	230
1432	499
1432	506
1432	514
1432	953
1432	1242
1432	1309
1432	1966
1432	2237
1433	1671
1434	404
1434	1500
1434	1821
1435	894
1435	1400
1435	2437
1436	628
1436	2326
1437	1705
1437	1873
1437	2391
1438	2110
1439	149
1439	715
1439	875
1439	1647
1439	2312
1440	2068
1443	824
1443	2247
1445	2072
1447	33
1447	950
1447	2208
1450	1123
1451	2538
1452	335
1452	1117
1452	1188
1452	1261
1452	2036
1452	2115
1452	2543
1453	672
1454	1870
1459	291
1459	865
1459	1034
1459	1062
1459	1884
1461	618
1461	679
1461	1179
1461	1456
1461	1699
1461	1930
1461	2028
1461	2106
1466	1788
1468	2288
1470	465
1471	969
1471	1211
1473	187
1473	1801
1474	2001
1477	791
1479	633
1480	1506
1480	2231
1481	864
1481	905
1481	1138
1481	2039
1483	175
1484	777
1484	1079
1485	955
1485	2018
1488	71
1488	1631
1491	112
1491	235
1491	289
1491	295
1491	452
1491	459
1491	478
1491	486
1491	635
1491	668
1491	707
1491	863
1491	926
1491	1019
1491	1056
1491	1446
1491	1490
1491	1521
1491	1707
1491	1733
1491	1898
1491	2027
1491	2034
1491	2129
1491	2278
1491	2279
1491	2301
1491	2336
1491	2443
1491	2548
1492	11
1492	112
1492	205
1492	235
1492	255
1492	284
1492	295
1492	303
1492	331
1492	347
1492	458
1492	459
1492	478
1492	481
1492	486
1492	610
1492	763
1492	773
1492	839
1492	846
1492	856
1492	863
1492	926
1492	941
1492	965
1492	978
1492	1039
1492	1051
1492	1123
1492	1141
1492	1245
1492	1265
1492	1313
1492	1367
1492	1415
1492	1440
1492	1450
1492	1462
1492	1521
1492	1575
1492	1612
1492	1671
1492	1691
1492	1734
1492	1809
1492	1817
1492	1839
1492	1840
1492	1863
1492	1864
1492	1990
1492	1996
1492	2078
1492	2142
1492	2219
1492	2229
1492	2230
1492	2278
1492	2291
1492	2336
1492	2339
1492	2443
1492	2456
1492	2510
1497	0
1497	72
1497	615
1497	757
1497	948
1497	1072
1497	1240
1497	1605
1497	1656
1497	1874
1497	1931
1497	2300
1498	278
1498	702
1498	827
1498	1897
1498	2246
1500	1398
1500	1821
1500	2340
1505	20
1505	47
1505	114
1505	1406
1505	1613
1505	1828
1506	1480
1506	2389
1507	1353
1511	31
1511	78
1511	560
1511	1278
1511	1543
1511	1855
1511	2050
1511	2187
1511	2319
1511	2346
1512	1398
1512	1434
1512	1500
1512	1537
1512	1821
1512	2340
1512	2389
1513	2163
1515	1394
1516	1630
1516	1689
1516	2000
1516	2069
1517	464
1517	632
1517	888
1517	1703
1517	1728
1517	2002
1517	2097
1517	2334
1518	218
1518	2007
1523	14
1523	144
1523	406
1523	411
1523	467
1523	501
1523	534
1523	775
1523	972
1523	1205
1523	1250
1523	1262
1523	1301
1523	1362
1523	1893
1523	2083
1523	2202
1523	2263
1523	2538
1524	2113
1525	197
1525	922
1525	1872
1525	2014
1526	220
1526	434
1528	1932
1529	565
1532	695
1533	756
1534	1642
1535	500
1535	1551
1535	1552
1535	2116
1535	2331
1536	415
1536	694
1536	952
1536	1759
1538	392
1538	1859
1539	579
1539	1364
1539	1409
1540	305
1540	1225
1544	331
1544	2190
1545	420
1545	1051
1545	2548
1547	492
1547	1867
1550	1417
1553	644
1554	186
1554	1294
1554	2208
1555	223
1555	1461
1555	1977
1556	401
1556	671
1557	96
1557	1695
1563	479
1563	1488
1564	2270
1566	608
1568	198
1568	2273
1569	1297
1569	2125
1574	275
1574	510
1574	1937
1574	1943
1574	2186
1575	329
1575	372
1575	491
1575	1143
1575	1222
1575	1226
1575	1285
1575	1661
1575	1792
1575	1865
1575	1984
1575	2445
1576	2430
1579	2019
1580	546
1583	1029
1583	1375
1583	1935
1583	2161
1583	2328
1583	2435
1584	260
1584	723
1585	1525
1585	1822
1585	2093
1587	481
1587	1680
1588	130
1588	172
1588	296
1588	552
1588	1028
1588	1106
1588	1291
1588	1736
1588	1774
1588	1793
1592	1177
1592	2352
1592	2487
1594	799
1594	1162
1595	2318
1599	85
1599	315
1599	338
1601	1125
1602	38
1602	224
1602	1185
1602	1425
1602	2501
1603	132
1603	325
1603	777
1603	1170
1603	1484
1604	273
1604	627
1604	919
1604	968
1604	2399
1606	1758
1608	314
1609	737
1609	1672
1610	1715
1611	379
1611	1887
1612	941
1612	2169
1612	2198
1613	1890
1615	1336
1615	1569
1617	1591
1621	705
1621	912
1622	841
1622	991
1622	1161
1623	1533
1624	337
1625	126
1625	166
1625	352
1625	1042
1625	1092
1625	1188
1625	1614
1625	1651
1626	767
1627	1129
1627	1215
1627	2497
1628	136
1628	1509
1636	18
1640	540
1642	364
1645	677
1645	1501
1645	1844
1645	1971
1646	952
1647	149
1647	1439
1649	1546
1650	981
1650	1258
1650	1287
1650	2245
1651	2130
1653	528
1654	696
1654	2410
1655	2158
1658	2437
1659	217
1659	796
1659	875
1659	1080
1660	1247
1660	2484
1663	391
1665	576
1665	1389
1666	199
1668	719
1669	621
1669	631
1669	751
1669	1969
1672	337
1675	675
1679	999
1680	111
1682	1698
1683	70
1683	1026
1684	713
1684	781
1684	1531
1684	2282
1685	638
1686	79
1688	143
1688	150
1688	1414
1688	2053
1689	406
1689	1163
1689	1250
1690	661
1690	688
1690	740
1690	897
1690	949
1690	1015
1690	1028
1690	1320
1690	1380
1690	1596
1690	1824
1690	2256
1690	2462
1691	288
1691	289
1691	904
1692	697
1692	894
1692	1351
1692	1400
1696	380
1696	1186
1697	2387
1701	360
1701	454
1702	2542
1705	1873
1708	1506
1709	1171
1709	1782
1710	340
1710	1448
1711	1867
1713	360
1713	454
1713	685
1713	976
1713	1588
1713	2043
1713	2468
1714	206
1714	231
1714	325
1714	777
1714	1484
1714	1907
1714	2052
1714	2375
1714	2457
1714	2483
1716	757
1716	1072
1716	1271
1716	1629
1716	1931
1716	1958
1716	2002
1716	2206
1717	247
1717	957
1717	2330
1717	2411
1718	1888
1719	2480
1722	2208
1723	2487
1723	2493
1725	1067
1726	594
1726	643
1726	683
1726	1160
1726	1363
1726	2535
1728	903
1729	1762
1730	358
1730	562
1730	1205
1730	1870
1731	2227
1732	739
1732	1750
1732	2212
1735	15
1735	761
1735	1161
1735	1622
1735	2384
1737	1553
1742	1204
1742	2467
1745	38
1745	939
1745	1163
1745	1185
1745	1425
1745	1463
1745	2155
1745	2501
1746	515
1747	272
1748	1
1748	19
1748	39
1748	74
1748	75
1748	90
1748	107
1748	119
1748	131
1748	134
1748	151
1748	186
1748	202
1748	212
1748	213
1748	262
1748	273
1748	319
1748	330
1748	418
1748	420
1748	443
1748	469
1748	476
1748	479
1748	483
1748	487
1748	490
1748	493
1748	500
1748	528
1748	531
1748	533
1748	546
1748	572
1748	577
1748	583
1748	591
1748	629
1748	658
1748	677
1748	701
1748	745
1748	789
1748	798
1748	802
1748	835
1748	854
1748	855
1748	860
1748	886
1748	928
1748	938
1748	950
1748	967
1748	994
1748	997
1748	1058
1748	1065
1748	1073
1748	1089
1748	1111
1748	1133
1748	1153
1748	1171
1748	1218
1748	1224
1748	1241
1748	1264
1748	1291
1748	1294
1748	1330
1748	1349
1748	1373
1748	1378
1748	1409
1748	1421
1748	1423
1748	1427
1748	1488
1748	1527
1748	1529
1748	1534
1748	1546
1748	1552
1748	1580
1748	1611
1748	1639
1748	1648
1748	1653
1748	1715
1748	1738
1748	1749
1748	1752
1748	1778
1748	1782
1748	1800
1748	1833
1748	1856
1748	1938
1748	1950
1748	1974
1748	1983
1748	1988
1748	1993
1748	2010
1748	2016
1748	2032
1748	2039
1748	2077
1748	2088
1748	2091
1748	2136
1748	2140
1748	2180
1748	2211
1748	2220
1748	2243
1748	2288
1748	2317
1748	2331
1748	2341
1748	2358
1748	2359
1748	2383
1748	2399
1748	2513
1748	2516
1748	2523
1748	2563
1749	324
1749	644
1749	710
1749	1334
1749	1553
1749	1738
1749	1788
1749	2085
1749	2233
1749	2525
1751	2293
1752	2188
1752	2415
1752	2490
1753	252
1753	1984
1755	249
1755	515
1755	1678
1758	794
1759	148
1759	2046
1761	688
1761	1161
1761	1341
1761	1622
1761	1834
1762	194
1763	1064
1764	299
1766	1376
1766	2505
1769	2468
1772	2207
1773	1765
1775	2018
1775	2477
1778	477
1778	500
1778	531
1778	1421
1778	2140
1779	472
1779	474
1779	1543
1780	35
1781	522
1784	960
1785	628
1789	132
1789	599
1789	1035
1789	1121
1789	1397
1789	1419
1789	1509
1789	1603
1789	1628
1789	2052
1789	2266
1789	2459
1789	2518
1789	2555
1790	64
1790	780
1790	820
1790	1231
1790	1359
1790	1478
1790	1718
1790	1940
1790	2075
1794	145
1794	193
1794	358
1794	562
1794	612
1794	760
1794	932
1794	973
1794	988
1794	1071
1794	1135
1794	1207
1794	1222
1794	1226
1794	1285
1794	1454
1794	1701
1794	1730
1794	1870
1794	2399
1794	2429
1794	2470
1794	2560
1795	30
1795	69
1795	509
1795	2467
1796	143
1796	1414
1796	2367
1799	271
1800	134
1800	825
1800	1384
1800	1508
1800	1700
1800	2381
1803	1754
1804	808
1809	2
1810	2025
1813	1649
1813	1688
1813	2053
1816	66
1816	212
1816	332
1816	855
1816	1111
1820	2003
1824	1549
1826	58
1826	2558
1827	32
1827	121
1827	535
1827	620
1827	1003
1827	1022
1827	1048
1827	1486
1828	114
1828	1505
1830	2025
1831	247
1831	1343
1840	151
1840	286
1840	316
1840	649
1840	870
1840	1017
1840	1378
1840	1527
1840	1752
1840	1961
1840	2188
1840	2189
1840	2383
1840	2415
1840	2490
1841	790
1841	1930
1842	162
1842	2140
1843	1130
1843	1329
1844	1501
1847	604
1847	1201
1847	1548
1847	1923
1847	2205
1847	2428
1848	445
1848	2500
1849	45
1849	230
1849	506
1849	953
1849	1309
1849	1432
1849	1673
1849	2246
1850	37
1850	470
1851	1253
1853	482
1855	560
1855	2080
1855	2187
1857	2227
1858	2385
1859	392
1859	828
1859	1343
1859	1538
1860	2137
1861	199
1861	618
1862	10
1863	1757
1864	433
1866	1798
1868	385
1868	686
1868	1123
1868	1346
1868	2391
1868	2393
1870	2500
1871	59
1871	165
1871	660
1871	691
1871	820
1871	953
1871	1231
1871	1252
1871	1359
1871	1437
1871	1598
1871	1784
1871	2135
1871	2295
1871	2495
1872	540
1872	2015
1872	2254
1875	1079
1876	1009
1876	1094
1878	2003
1879	68
1879	138
1879	329
1879	1829
1881	1644
1882	1656
1883	488
1883	1047
1883	1924
1884	1190
1885	118
1885	355
1885	1727
1885	2360
1889	1108
1890	1817
1891	1943
1892	1877
1894	269
1894	721
1894	1998
1895	242
1897	452
1897	464
1897	632
1897	1548
1898	601
1899	582
1899	1299
1900	988
1900	1107
1900	1117
1900	1212
1900	1285
1900	1756
1900	1837
1900	1845
1900	1919
1900	1923
1900	2019
1900	2286
1900	2429
1901	2216
1902	71
1902	860
1902	1343
1902	1508
1902	1700
1902	1993
1902	2381
1903	1506
1906	222
1906	661
1909	181
1910	894
1911	936
1912	1189
1912	1295
1912	1469
1912	1489
1912	1757
1912	1791
1912	1863
1912	2062
1913	356
1913	1059
1914	382
1914	448
1914	2092
1915	171
1915	285
1915	504
1915	680
1915	699
1915	712
1915	803
1915	963
1915	985
1915	1029
1915	1182
1915	1191
1915	1198
1915	1199
1915	1242
1915	1300
1915	1487
1915	1657
1915	1664
1915	1685
1915	2076
1915	2217
1915	2273
1916	1632
1916	1965
1919	2284
1921	445
1921	511
1921	2500
1922	648
1923	672
1923	966
1923	1548
1923	1847
1924	832
1924	1269
1925	602
1925	1559
1925	2138
1926	50
1926	407
1926	696
1926	851
1926	1158
1926	1175
1926	1247
1926	1660
1926	2167
1926	2314
1926	2410
1926	2484
1928	204
1928	1493
1928	2046
1929	486
1929	607
1929	762
1929	1092
1929	1350
1929	1652
1929	2011
1929	2035
1929	2390
1936	1066
1939	2117
1940	820
1940	1478
1941	2520
1942	373
1942	2417
1944	9
1945	46
1945	1592
1946	931
1946	1835
1947	367
1949	1944
1950	75
1950	531
1950	629
1950	701
1950	789
1950	1069
1950	1187
1950	1604
1950	1842
1950	2516
1951	2459
1952	607
1952	963
1952	1317
1952	2117
1953	1986
1953	2414
1953	2503
1955	121
1955	370
1955	1217
1955	1342
1955	1356
1955	1616
1955	1712
1955	1820
1955	2522
1956	392
1957	1625
1958	711
1959	164
1960	1836
1961	1084
1961	1823
1961	2020
1962	2566
1963	217
1963	439
1963	479
1963	796
1963	805
1963	832
1963	1776
1964	148
1964	1223
1964	1822
1964	1928
1964	2046
1966	374
1968	2382
1972	971
1972	1586
1973	2306
1975	951
1975	1325
1975	2395
1976	1512
1976	2389
1978	1190
1979	1395
1979	2263
1980	334
1980	807
1980	859
1980	1228
1980	1372
1980	1784
1980	2159
1983	353
1985	2070
1986	2414
1987	428
1987	871
1987	1411
1987	2477
1988	485
1988	567
1988	692
1988	733
1988	931
1988	1089
1988	1218
1988	1488
1988	2438
1989	1253
1991	205
1992	343
1992	1081
1992	1271
1992	2511
1993	622
1993	1838
1993	2269
1994	370
1994	746
1994	1616
1994	1820
1995	1216
1998	386
2000	1031
2002	604
2004	1012
2004	2238
2009	1704
2009	2392
2010	290
2010	591
2010	880
2010	2509
2011	180
2011	375
2011	1092
2011	1582
2011	1641
2016	1160
2016	1391
2017	820
2017	1537
2017	1940
2019	1452
2019	2470
2021	1522
2022	780
2023	2513
2024	1342
2024	1982
2026	166
2026	851
2026	984
2026	1290
2026	1793
2027	111
2027	289
2027	1056
2027	1809
2027	2183
2027	2491
2028	1827
2032	26
2032	1224
2032	1466
2032	1782
2032	1858
2032	2064
2032	2088
2032	2498
2036	1140
2036	1571
2036	1573
2036	2090
2036	2115
2037	343
2037	1271
2038	275
2038	510
2038	1574
2038	1937
2038	2186
2040	195
2040	1581
2041	18
2041	70
2041	366
2041	889
2041	1026
2041	1041
2041	1103
2041	1156
2041	1164
2041	1338
2041	1798
2041	2286
2041	2369
2044	206
2044	2345
2044	2394
2047	2446
2047	2461
2049	245
2049	2433
2052	206
2052	2375
2053	2539
2054	705
2057	1259
2058	1469
2059	1340
2059	2223
2059	2327
2062	574
2062	2291
2063	415
2063	2392
2064	277
2065	513
2069	2008
2071	86
2073	1681
2073	2277
2074	994
2076	1487
2078	505
2078	2456
2079	2227
2082	361
2082	862
2084	1265
2085	565
2086	1479
2087	655
2088	131
2088	1529
2088	1749
2088	2525
2089	1344
2089	2156
2089	2499
2091	1551
2093	1525
2095	96
2095	615
2095	1475
2095	1716
2096	950
2097	63
2097	888
2099	119
2099	590
2099	994
2099	1748
2101	200
2104	44
2104	695
2106	438
2106	495
2106	679
2106	768
2106	793
2106	1012
2106	1151
2106	1239
2106	1429
2106	1461
2106	1572
2106	1699
2106	2028
2106	2238
2106	2436
2107	995
2111	1816
2112	1606
2112	1758
2114	2505
2116	500
2116	2276
2117	1317
2118	228
2118	829
2118	1138
2118	2031
2118	2358
2119	79
2119	1149
2119	1673
2119	2153
2119	2158
2120	1986
2121	747
2123	145
2123	612
2123	760
2124	503
2124	1666
2129	707
2130	993
2130	1852
2131	405
2132	656
2132	1296
2133	1214
2134	2145
2135	53
2135	346
2135	1598
2137	2356
2143	997
2144	141
2144	312
2144	672
2144	794
2144	1003
2144	1155
2144	1497
2144	1606
2144	2082
2144	2206
2144	2402
2144	2542
2146	185
2146	776
2148	414
2148	847
2148	1146
2148	1407
2148	1571
2148	2115
2151	700
2151	1335
2154	1078
2157	351
2159	492
2160	1423
2163	813
2163	1456
2163	2028
2163	2488
2164	1566
2165	327
2165	2251
2170	409
2172	127
2172	1431
2172	2293
2173	1202
2173	1276
2173	1457
2173	1638
2174	597
2174	767
2174	1396
2175	1263
2178	72
2178	2344
2182	1079
2182	1798
2182	2457
2185	2389
2187	2199
2188	764
2188	891
2189	88
2189	1318
2189	1752
2189	1840
2189	2396
2192	409
2195	487
2197	1907
2200	498
2200	2494
2201	188
2202	1593
2202	2013
2203	465
2205	1232
2205	1376
2205	1766
2205	2428
2209	328
2214	697
2214	894
2214	1351
2214	1400
2214	1692
2215	685
2215	1325
2218	1154
2218	1420
2218	1542
2221	1791
2225	391
2225	1663
2225	2081
2225	2184
2226	20
2226	29
2226	633
2226	1482
2226	2454
2227	1731
2230	1415
2231	1398
2232	2302
2233	1236
2234	656
2234	2347
2236	2058
2237	831
2240	135
2240	662
2241	1112
2241	1258
2241	2427
2242	444
2242	584
2242	1921
2242	2073
2242	2147
2242	2277
2243	572
2244	10
2244	249
2244	323
2244	407
2244	1472
2245	127
2245	1431
2248	204
2248	1493
2249	204
2250	676
2252	2349
2256	1596
2258	800
2258	2191
2258	2327
2259	1818
2260	1965
2261	297
2261	345
2262	1086
2262	1227
2264	29
2264	152
2264	991
2264	1522
2265	372
2265	405
2265	1984
2266	132
2266	206
2266	889
2266	1092
2266	1397
2266	1419
2266	1857
2266	2079
2266	2316
2266	2334
2269	834
2269	2235
2271	660
2271	1871
2271	2075
2271	2295
2272	1839
2274	210
2274	1944
2275	1084
2275	1823
2275	1961
2278	965
2278	1054
2279	893
2280	1908
2282	41
2282	466
2282	1116
2285	666
2286	366
2286	1164
2286	1724
2286	2033
2287	62
2287	1091
2287	1177
2287	1441
2287	2100
2288	1409
2288	2210
2289	1781
2289	2223
2290	1137
2292	124
2292	340
2292	397
2292	954
2292	1225
2292	2056
2292	2081
2296	686
2296	2127
2296	2179
2298	958
2298	2025
2304	2105
2306	1128
2307	648
2307	770
2307	2433
2307	2524
2308	1552
2308	1838
2309	1074
2310	772
2310	1180
2311	765
2311	957
2313	338
2313	2408
2314	597
2314	1135
2314	1175
2315	2214
2321	484
2321	2012
2323	255
2325	17
2325	192
2325	399
2325	833
2325	1090
2325	1815
2325	1869
2326	264
2326	280
2326	621
2326	631
2326	969
2326	1693
2326	1722
2326	2224
2328	1119
2330	957
2330	1402
2330	1772
2330	2207
2332	153
2336	478
2336	635
2336	887
2336	1265
2336	1415
2336	1489
2336	1671
2336	1680
2336	2078
2336	2084
2336	2230
2341	391
2342	1662
2343	561
2343	1025
2343	2338
2344	2178
2346	1855
2346	2187
2348	393
2348	1793
2350	3
2350	311
2350	561
2350	876
2350	1316
2350	1347
2350	1406
2350	1523
2350	1575
2352	816
2354	274
2355	530
2355	1302
2355	2464
2356	1834
2357	398
2358	247
2358	1138
2358	1726
2358	2255
2358	2535
2359	74
2360	913
2364	2343
2364	2444
2365	1086
2365	1380
2365	1596
2365	1852
2366	2393
2368	717
2368	1129
2368	2052
2368	2285
2368	2459
2372	765
2376	138
2376	309
2376	1369
2376	1829
2376	1879
2380	2026
2380	2077
2381	825
2381	1292
2381	1508
2381	1700
2385	160
2386	1705
2386	1873
2388	377
2388	626
2388	670
2389	1398
2389	2185
2389	2231
2393	728
2393	1197
2393	2102
2396	2188
2397	217
2397	796
2398	839
2398	1634
2399	2208
2400	767
2400	2320
2400	2341
2403	843
2403	1335
2403	2421
2405	1076
2409	2108
2412	1051
2412	1621
2413	843
2413	1464
2418	364
2418	1642
2419	916
2419	1670
2422	156
2422	323
2422	2131
2422	2244
2423	2281
2424	78
2424	1278
2424	1511
2424	1855
2424	2050
2425	248
2425	925
2425	1730
2425	1865
2428	63
2428	1376
2428	2452
2429	823
2429	1242
2429	2286
2431	360
2431	1701
2431	1933
2431	2479
2431	2560
2436	1296
2436	2132
2438	1633
2438	2211
2439	148
2440	729
2440	769
2441	61
2441	423
2441	1053
2441	1154
2442	739
2442	2212
2446	137
2447	350
2447	437
2447	541
2449	8
2450	1059
2450	1913
2451	1612
2451	2479
2452	63
2452	2428
2453	27
2453	1700
2453	2255
2453	2270
2453	2381
2453	2383
2456	1260
2459	136
2460	267
2460	371
2460	1200
2460	2071
2460	2202
2462	661
2462	740
2462	1549
2463	1386
2464	98
2466	1243
2466	1319
2468	445
2468	602
2468	1559
2468	2138
2470	1541
2471	2043
2472	20
2472	74
2472	87
2472	350
2472	444
2472	574
2472	634
2472	868
2472	1071
2472	1106
2472	1184
2472	1226
2472	1387
2472	1413
2472	1541
2472	1576
2472	1608
2472	1641
2472	1654
2472	1661
2472	1686
2472	1846
2472	1936
2472	2242
2472	2262
2472	2375
2472	2465
2472	2537
2473	41
2474	2476
2475	2499
2477	31
2477	871
2477	1061
2477	1310
2477	1486
2477	1632
2477	1916
2477	1965
2477	2478
2479	2378
2481	49
2481	320
2481	742
2482	143
2482	150
2482	1294
2482	1414
2482	1546
2482	1649
2482	2539
2483	1020
2483	1079
2485	1852
2485	2377
2487	2072
2489	1607
2491	1757
2491	2301
2492	711
2494	498
2495	59
2496	1273
2498	277
2498	2064
2501	901
2502	484
2502	628
2502	725
2502	939
2502	1457
2502	1463
2502	2155
2502	2321
2504	20
2504	298
2504	403
2504	440
2504	1328
2504	1900
2504	2543
2506	13
2506	25
2506	253
2506	378
2506	1326
2506	1577
2506	2113
2507	2166
2512	2263
2514	1253
2514	1297
2517	416
2518	1731
2520	1216
2520	1995
2521	2167
2522	2003
2523	485
2523	647
2523	909
2523	1160
2523	1353
2523	1858
2523	2139
2523	2142
2526	847
2526	1739
2527	1593
2528	2222
2530	303
2531	2156
2532	1540
2535	90
2535	340
2535	1045
2535	1363
2535	1553
2535	1635
2535	1726
2535	2311
2536	480
2536	1245
2538	264
2538	1393
2538	2202
2538	2325
2538	2355
2540	915
2540	2228
2541	419
2548	146
2548	339
2548	1618
2549	1905
2552	608
2552	1566
2553	370
2553	1920
2553	2094
2554	800
2554	2374
2556	91
2556	513
2558	58
2558	1021
2559	30
2561	478
2561	491
2561	2204
2561	2366
2563	594
2563	683
2564	9
2565	488
2565	1047
