0	2
1	3
2	4
3	1
4	7
5	1
6	2
7	4
8	1
9	2
10	7
11	2
12	3
13	6
14	2
15	2
16	6
17	3
18	2
19	4
20	1
21	3
22	2
23	7
24	2
25	7
26	3
27	5
28	7
29	7
30	2
31	3
32	3
33	4
34	7
35	7
36	3
37	3
38	2
39	4
40	3
41	2
42	4
43	4
44	3
45	7
46	7
47	3
48	7
49	3
50	4
51	1
52	3
53	4
54	4
55	3
56	4
57	4
58	4
59	3
60	2
61	3
62	1
63	1
64	4
65	1
66	1
67	3
68	3
69	2
70	1
71	4
72	7
73	3
74	2
75	1
76	4
77	2
78	3
79	6
80	1
81	1
82	1
83	3
84	4
85	3
86	3
87	3
88	3
89	3
90	5
91	2
92	7
93	7
94	3
95	1
96	3
97	6
98	4
99	3
100	4
101	3
102	2
103	1
104	4
105	3
106	3
107	3
108	2
109	5
110	7
111	3
112	2
113	5
114	7
115	3
116	4
117	3
118	2
119	3
120	3
121	5
122	3
123	3
124	1
125	2
126	2
127	4
128	3
129	2
130	7
131	3
132	2
133	3
134	7
135	2
136	5
137	4
138	3
139	1
140	1
141	3
142	4
143	6
144	3
145	3
146	3
147	4
148	4
149	2
150	4
151	3
152	6
153	4
154	4
155	2
156	6
157	3
158	2
159	5
160	3
161	4
162	3
163	6
164	7
165	3
166	3
167	2
168	6
169	2
170	2
171	3
172	7
173	3
174	7
175	1
176	2
177	3
178	7
179	4
180	5
181	3
182	5
183	7
184	2
185	5
186	4
187	4
188	7
189	7
190	2
191	2
192	3
193	1
194	1
195	4
196	5
197	4
198	4
199	3
200	3
201	2
202	1
203	3
204	7
205	2
206	7
207	2
208	1
209	4
210	5
211	2
212	2
213	1
214	2
215	3
216	4
217	5
218	6
219	4
220	2
221	2
222	1
223	3
224	6
225	7
226	7
227	4
228	2
229	1
230	3
231	5
232	2
233	6
234	5
235	2
236	3
237	2
238	3
239	4
240	4
241	2
242	4
243	3
244	7
245	7
246	3
247	1
248	2
249	4
250	5
251	1
252	5
253	7
254	7
255	7
256	3
257	4
258	5
259	4
260	7
261	7
262	4
263	5
264	1
265	3
266	7
267	3
268	7
269	2
270	2
271	4
272	3
273	3
274	1
275	3
276	2
277	5
278	3
279	4
280	2
281	4
282	3
283	7
284	1
285	3
286	3
287	4
288	4
289	7
290	4
291	1
292	1
293	1
294	7
295	3
296	7
297	2
298	4
299	4
300	3
301	6
302	3
303	3
304	5
305	3
306	7
307	3
308	3
309	2
310	2
311	2
312	6
313	7
314	3
315	3
316	3
317	7
318	2
319	3
320	5
321	7
322	4
323	1
324	6
325	4
326	1
327	1
328	2
329	7
330	7
331	4
332	3
333	3
334	7
335	3
336	5
337	2
338	2
339	3
340	1
341	7
342	5
343	1
344	7
345	4
346	2
347	4
348	3
349	4
350	4
351	4
352	4
353	7
354	4
355	2
356	2
357	7
358	5
359	5
360	3
361	4
362	2
363	4
364	7
365	3
366	3
367	5
368	2
369	3
370	3
371	4
372	6
373	3
374	4
375	1
376	1
377	4
378	4
379	3
380	3
381	1
382	2
383	6
384	6
385	1
386	6
387	5
388	3
389	7
390	5
391	7
392	4
393	1
394	2
395	3
396	3
397	5
398	5
399	2
400	7
401	2
402	1
403	4
404	1
405	3
406	3
407	4
408	2
409	4
410	3
411	2
412	3
413	2
414	3
415	1
416	7
417	4
418	6
419	5
420	4
421	7
422	5
423	4
424	2
425	4
426	3
427	7
428	7
429	4
430	3
431	6
432	1
433	4
434	7
435	2
436	1
437	7
438	1
439	4
440	3
441	4
442	3
443	3
444	2
445	7
446	3
447	4
448	4
449	5
450	5
451	7
452	2
453	3
454	4
455	2
456	4
457	2
458	3
459	7
460	2
461	1
462	2
463	7
464	2
465	2
466	2
467	7
468	5
469	7
470	4
471	3
472	2
473	5
474	2
475	2
476	2
477	2
478	2
479	4
480	3
481	5
482	6
483	3
484	3
485	7
486	7
487	3
488	1
489	7
490	2
491	3
492	3
493	7
494	5
495	2
496	6
497	3
498	7
499	5
500	6
501	6
502	4
503	2
504	1
505	2
506	5
507	3
508	1
509	4
510	1
511	3
512	3
513	5
514	3
515	4
516	6
517	3
518	3
519	3
520	1
521	4
522	2
523	7
524	3
525	3
526	6
527	7
528	3
529	1
530	3
531	5
532	3
533	6
534	2
535	6
536	2
537	3
538	2
539	4
540	1
541	4
542	4
543	3
544	4
545	4
546	4
547	2
548	3
549	3
550	6
551	1
552	1
553	5
554	5
555	2
556	1
557	3
558	3
559	1
560	4
561	3
562	4
563	3
564	3
565	4
566	3
567	2
568	7
569	2
570	4
571	2
572	5
573	4
574	1
575	1
576	7
577	7
578	3
579	3
580	3
581	1
582	3
583	3
584	2
585	6
586	2
587	6
588	3
589	1
590	2
591	3
592	2
593	3
594	4
595	4
596	3
597	7
598	3
599	3
600	5
601	5
602	1
603	4
604	4
605	6
606	3
607	4
608	7
609	4
610	3
611	5
612	5
613	4
614	5
615	2
616	2
617	7
618	3
619	1
620	3
621	2
622	5
623	7
624	5
625	7
626	1
627	7
628	6
629	4
630	3
631	3
632	6
633	3
634	3
635	3
636	7
637	4
638	7
639	5
640	3
641	4
642	2
643	3
644	4
645	3
646	5
647	6
648	1
649	4
650	7
651	3
652	4
653	3
654	4
655	1
656	3
657	3
658	3
659	2
660	1
661	2
662	2
663	6
664	5
665	2
666	2
667	4
668	3
669	3
670	7
671	2
672	4
673	7
674	5
675	4
676	7
677	7
678	3
679	3
680	3
681	1
682	2
683	1
684	2
685	7
686	7
687	7
688	3
689	3
690	5
691	7
692	7
693	2
694	2
695	4
696	3
697	3
698	5
699	1
700	4
701	5
702	3
703	4
704	6
705	1
706	3
707	2
708	2
709	5
710	3
711	1
712	5
713	1
714	3
715	7
716	7
717	2
718	3
719	4
720	7
721	3
722	3
723	3
724	2
725	4
726	3
727	1
728	3
729	3
730	1
731	3
732	7
733	3
734	6
735	3
736	7
737	3
738	5
739	6
740	7
741	6
742	2
743	4
744	4
745	3
746	2
747	4
748	7
749	4
750	3
751	3
752	6
753	3
754	7
755	3
756	3
757	2
758	6
759	3
760	3
761	5
762	7
763	6
764	5
765	4
766	3
767	7
768	4
769	3
770	3
771	3
772	2
773	7
774	4
775	1
776	5
777	2
778	7
779	7
780	7
781	6
782	3
783	3
784	3
785	3
786	2
787	1
788	6
789	3
790	1
791	4
792	2
793	2
794	4
795	6
796	1
797	2
798	1
799	7
800	5
801	1
802	6
803	3
804	2
805	1
806	3
807	4
808	3
809	3
810	2
811	1
812	3
813	4
814	4
815	3
816	1
817	3
818	3
819	7
820	7
821	5
822	3
823	3
824	3
825	2
826	1
827	5
828	4
829	4
830	4
831	5
832	1
833	2
834	5
835	4
836	3
837	2
838	2
839	3
840	4
841	3
842	3
843	6
844	3
845	7
846	1
847	2
848	2
849	7
850	6
851	1
852	7
853	7
854	3
855	3
856	4
857	1
858	3
859	2
860	2
861	2
862	1
863	4
864	2
865	7
866	2
867	3
868	1
869	6
870	2
871	3
872	1
873	2
874	4
875	7
876	5
877	6
878	1
879	6
880	2
881	3
882	5
883	1
884	7
885	7
886	4
887	3
888	4
889	6
890	6
891	3
892	5
893	3
894	4
895	3
896	5
897	4
898	3
899	3
900	1
901	1
902	5
903	3
904	3
905	6
906	2
907	1
908	3
909	2
910	3
911	6
912	2
913	1
914	3
915	2
916	1
917	2
918	3
919	3
920	6
921	4
922	7
923	1
924	2
925	3
926	3
927	2
928	7
929	4
930	1
931	1
932	3
933	2
934	4
935	4
936	2
937	3
938	1
939	7
940	3
941	3
942	4
943	5
944	5
945	3
946	3
947	7
948	3
949	4
950	3
951	4
952	4
953	7
954	1
955	1
956	2
957	3
958	3
959	3
960	5
961	4
962	2
963	2
964	2
965	2
966	3
967	1
968	2
969	6
970	3
971	3
972	2
973	1
974	3
975	7
976	2
977	7
978	7
979	7
980	3
981	7
982	5
983	2
984	1
985	3
986	1
987	4
988	2
989	5
990	4
991	3
992	3
993	5
994	5
995	7
996	4
997	3
998	2
999	1
1000	2
1001	7
1002	3
1003	6
1004	4
1005	3
1006	5
1007	7
1008	2
1009	2
1010	2
1011	7
1012	5
1013	7
1014	1
1015	5
1016	2
1017	3
1018	7
1019	4
1020	7
1021	4
1022	3
1023	6
1024	1
1025	3
1026	6
1027	6
1028	4
1029	3
1030	4
1031	7
1032	1
1033	3
1034	7
1035	3
1036	4
1037	6
1038	3
1039	1
1040	3
1041	2
1042	3
1043	3
1044	5
1045	2
1046	2
1047	4
1048	3
1049	1
1050	2
1051	7
1052	7
1053	2
1054	3
1055	3
1056	3
1057	5
1058	4
1059	3
1060	5
1061	1
1062	4
1063	7
1064	3
1065	1
1066	4
1067	3
1068	2
1069	3
1070	7
1071	5
1072	6
1073	3
1074	6
1075	3
1076	3
1077	3
1078	5
1079	3
1080	6
1081	6
1082	1
1083	7
1084	3
1085	3
1086	3
1087	5
1088	7
1089	5
1090	7
1091	2
1092	5
1093	3
1094	3
1095	3
1096	3
1097	3
1098	5
1099	2
1100	3
1101	4
1102	5
1103	1
1104	7
1105	1
1106	4
1107	3
1108	5
1109	3
1110	3
1111	3
1112	7
1113	6
1114	7
1115	3
1116	1
1117	7
1118	3
1119	3
1120	3
1121	5
1122	6
1123	1
1124	2
1125	2
1126	3
1127	7
1128	3
1129	2
1130	3
1131	3
1132	3
1133	5
1134	6
1135	7
1136	1
1137	6
1138	1
1139	1
1140	7
1141	3
1142	3
1143	3
1144	2
1145	6
1146	1
1147	3
1148	4
1149	1
1150	1
1151	3
1152	4
1153	4
1154	2
1155	6
1156	7
1157	7
1158	3
1159	3
1160	2
1161	3
1162	6
1163	5
1164	3
1165	6
1166	4
1167	2
1168	7
1169	2
1170	6
1171	7
1172	2
1173	2
1174	3
1175	2
1176	4
1177	4
1178	1
1179	2
1180	5
1181	5
1182	4
1183	2
1184	1
1185	5
1186	6
1187	4
1188	4
1189	4
1190	3
1191	4
1192	2
1193	4
1194	2
1195	7
1196	3
1197	7
1198	3
1199	4
1200	7
1201	6
1202	3
1203	3
1204	3
1205	2
1206	7
1207	1
1208	2
1209	2
1210	3
1211	6
1212	2
1213	2
1214	1
1215	1
1216	1
1217	1
1218	1
1219	7
1220	3
1221	4
1222	4
1223	3
1224	7
1225	4
1226	3
1227	3
1228	1
1229	7
1230	1
1231	1
1232	1
1233	1
1234	2
1235	4
1236	1
1237	3
1238	4
1239	2
1240	5
1241	7
1242	3
1243	4
1244	2
1245	1
1246	1
1247	6
1248	3
1249	4
1250	2
1251	3
1252	4
1253	4
1254	5
1255	3
1256	2
1257	3
1258	3
1259	7
1260	3
1261	3
1262	2
1263	2
1264	7
1265	7
1266	6
1267	3
1268	3
1269	7
1270	3
1271	4
1272	4
1273	1
1274	3
1275	6
1276	6
1277	5
1278	6
1279	2
1280	3
1281	4
1282	6
1283	5
1284	2
1285	7
1286	4
1287	3
1288	7
1289	4
1290	3
1291	1
1292	1
1293	4
1294	4
1295	3
1296	3
1297	1
1298	6
1299	4
1300	6
1301	5
1302	7
1303	4
1304	3
1305	3
1306	5
1307	7
1308	7
1309	1
1310	2
1311	2
1312	2
1313	7
1314	4
1315	3
1316	4
1317	3
1318	1
1319	5
1320	1
1321	4
1322	6
1323	5
1324	1
1325	3
1326	6
1327	3
1328	5
1329	3
1330	7
1331	2
1332	2
1333	3
1334	5
1335	3
1336	7
1337	4
1338	4
1339	1
1340	3
1341	4
1342	2
1343	3
1344	7
1345	5
1346	3
1347	6
1348	7
1349	3
1350	2
1351	1
1352	1
1353	3
