0	4
1	2
2	3
3	3
4	1
5	7
6	5
7	2
8	3
9	7
10	4
11	1
12	7
13	1
14	4
15	7
16	5
17	3
18	2
19	2
20	2
21	1
22	2
23	3
24	1
25	3
26	3
27	1
28	5
29	7
30	4
31	5
32	3
33	3
34	3
35	4
36	3
37	2
38	3
39	1
40	2
41	6
42	1
43	2
44	3
45	4
46	1
47	3
48	7
49	2
50	3
51	3
52	2
53	4
54	6
55	3
56	3
57	3
58	7
59	7
60	6
61	2
62	5
63	5
64	3
65	2
66	2
67	3
68	4
69	2
70	1
71	2
72	3
73	7
74	7
75	6
76	5
77	3
78	3
79	3
80	5
81	7
82	7
83	4
84	7
85	7
86	1
87	2
88	4
89	7
90	7
91	3
92	3
93	6
94	3
95	7
96	3
97	3
98	2
99	2
100	1
101	3
102	4
103	2
104	3
105	5
106	7
107	7
108	2
109	2
110	3
111	3
112	4
113	3
114	7
115	7
116	4
117	7
118	1
119	3
120	2
121	1
122	3
123	3
124	4
125	6
126	2
127	4
128	4
129	3
130	7
131	5
132	2
133	2
134	4
135	1
136	3
137	3
138	4
139	4
140	2
141	4
142	1
143	1
144	7
145	2
146	3
147	5
148	1
149	5
150	4
151	6
152	3
153	5
154	1
155	2
156	4
157	1
158	3
159	1
160	2
161	5
162	4
163	1
164	2
165	3
166	7
167	3
168	4
169	2
170	7
171	7
172	4
173	5
174	4
175	6
176	3
177	4
178	3
179	6
180	7
181	7
182	6
183	2
184	3
185	3
186	3
187	3
188	3
189	3
190	1
191	3
192	7
193	3
194	2
195	1
196	4
197	3
198	2
199	5
200	3
201	1
202	2
203	2
204	3
205	1
206	3
207	7
208	1
209	3
210	3
211	7
212	3
213	2
214	5
215	3
216	1
217	3
218	3
219	1
220	3
221	7
222	6
223	3
224	3
225	7
226	7
227	5
228	3
229	1
230	3
231	3
232	5
233	5
234	2
235	1
236	3
237	1
238	2
239	3
240	2
241	3
242	2
243	5
244	3
245	2
246	5
247	2
248	1
249	2
250	5
251	5
252	3
253	2
254	4
255	2
256	2
257	4
258	4
259	1
260	5
261	1
262	6
263	7
264	4
265	3
266	3
267	3
268	1
269	7
270	3
271	5
272	5
273	1
274	3
275	1
276	4
277	5
278	7
279	3
280	6
281	5
282	3
283	2
284	3
285	2
286	1
287	6
288	4
289	6
290	6
291	2
292	2
293	2
294	2
295	5
296	1
297	2
298	5
299	1
300	1
301	4
302	2
303	2
304	2
305	4
306	2
307	4
308	3
309	7
310	6
311	4
312	7
313	3
314	3
315	3
316	5
317	6
318	4
319	2
320	2
321	5
322	3
323	1
324	6
325	4
326	7
327	5
328	4
329	4
330	3
331	2
332	3
333	1
334	2
335	7
336	4
337	3
338	6
339	2
340	3
341	4
342	3
343	7
344	7
345	3
346	3
347	3
348	3
349	3
350	4
351	2
352	3
353	6
354	1
355	3
356	2
357	3
358	3
359	6
360	7
361	2
362	4
363	4
364	4
365	3
366	2
367	4
368	3
369	1
370	3
371	7
372	4
373	3
374	3
375	5
376	1
377	1
378	3
379	7
380	4
381	4
382	3
383	3
384	4
385	3
386	3
387	6
388	2
389	3
390	1
391	6
392	3
393	3
394	2
395	4
396	1
397	6
398	5
399	2
400	3
401	2
402	4
403	5
404	7
405	7
406	7
407	1
408	2
409	3
410	3
411	3
412	4
413	4
414	4
415	3
416	7
417	2
418	3
419	4
420	4
421	2
422	4
423	4
424	4
425	3
426	4
427	7
428	7
429	4
430	3
431	4
432	2
433	3
434	3
435	4
436	3
437	1
438	2
439	2
440	5
441	3
442	5
443	5
444	7
445	2
446	1
447	6
448	2
449	5
450	3
451	2
452	3
453	5
454	7
455	7
456	3
457	7
458	1
459	1
460	7
461	1
462	5
463	2
464	4
465	2
466	5
467	4
468	1
469	6
470	3
471	7
472	3
473	1
474	4
475	4
476	2
477	3
478	3
479	3
480	7
481	3
482	5
483	4
484	2
485	3
486	1
487	5
488	7
489	3
490	6
491	4
492	6
493	2
494	1
495	4
496	2
497	4
498	3
499	2
500	4
501	4
502	3
503	4
504	2
505	7
506	6
507	3
508	7
509	3
510	5
511	3
512	7
513	7
514	3
515	2
516	3
517	5
518	1
519	3
520	2
521	2
522	4
523	3
524	4
525	3
526	3
527	7
528	3
529	4
530	5
531	7
532	3
533	7
534	3
535	1
536	7
537	3
538	7
539	3
540	4
541	7
542	4
543	3
544	3
545	7
546	3
547	5
548	4
549	3
550	2
551	3
552	6
553	2
554	1
555	4
556	7
557	5
558	7
559	7
560	5
561	6
562	3
563	7
564	3
565	6
566	3
567	7
568	3
569	3
570	2
571	4
572	4
573	7
574	3
575	3
576	3
577	1
578	2
579	7
580	3
581	3
582	5
583	7
584	2
585	6
586	2
587	7
588	5
589	4
590	1
591	3
592	4
593	3
594	3
595	4
596	3
597	7
598	2
599	1
600	7
601	3
602	5
603	7
604	4
605	3
606	1
607	3
608	4
609	3
610	6
611	7
612	3
613	3
614	5
615	1
616	1
617	7
618	2
619	6
620	4
621	6
622	4
623	3
624	1
625	5
626	6
627	4
628	3
629	2
630	2
631	7
632	6
633	6
634	3
635	4
636	5
637	4
638	4
639	4
640	6
641	7
642	3
643	5
644	3
645	7
646	3
647	4
648	7
649	7
650	1
651	1
652	3
653	4
654	5
655	1
656	2
657	3
658	3
659	7
660	3
661	4
662	2
663	7
664	7
665	4
666	7
667	2
668	5
669	5
670	2
671	4
672	2
673	4
674	5
675	1
676	2
677	4
678	3
679	5
680	3
681	6
682	7
683	2
684	1
685	3
686	3
687	2
688	4
689	3
690	1
691	4
692	7
693	7
694	7
695	1
696	3
697	2
698	7
699	3
700	6
701	3
702	2
703	6
704	7
705	3
706	3
707	4
708	6
709	3
710	1
711	2
712	2
713	1
714	3
715	3
716	2
717	4
718	6
719	3
720	3
721	3
722	3
723	5
724	3
725	1
726	7
727	4
728	6
729	3
730	2
731	7
732	4
733	6
734	3
735	2
736	6
737	3
738	3
739	5
740	3
741	5
742	5
743	3
744	2
745	1
746	7
747	2
748	1
749	2
750	3
751	4
752	5
753	1
754	6
755	7
756	5
757	4
758	2
759	7
760	6
761	7
762	4
763	1
764	5
765	2
766	3
767	3
768	5
769	3
770	6
771	3
772	4
773	4
774	1
775	2
776	7
777	5
778	3
779	2
780	5
781	5
782	3
783	4
784	4
785	4
786	4
787	3
788	3
789	4
790	3
791	1
792	2
793	2
794	4
795	4
796	4
797	3
798	3
799	4
800	1
801	5
802	1
803	3
804	2
805	7
806	1
807	2
808	2
809	3
810	4
811	2
812	2
813	7
814	3
815	6
816	4
817	4
818	2
819	2
820	2
821	3
822	3
823	2
824	5
825	3
826	4
827	7
828	4
829	4
830	3
831	6
832	1
833	7
834	3
835	4
836	3
837	4
838	3
839	3
840	3
841	1
842	3
843	2
844	4
845	3
846	2
847	3
848	5
849	7
850	4
851	1
852	2
853	5
854	7
855	1
856	3
857	2
858	4
859	4
860	2
861	3
862	1
863	2
864	3
865	2
866	7
867	6
868	2
869	2
870	5
871	4
872	3
873	2
874	3
875	2
876	7
877	3
878	3
879	7
880	7
881	7
882	2
883	3
884	3
885	5
886	3
887	7
888	4
889	4
890	6
891	1
892	3
893	1
894	6
895	6
896	1
897	5
898	4
899	7
900	3
901	4
902	3
903	4
904	5
905	2
906	2
907	4
908	3
909	7
910	1
911	4
912	2
913	2
914	7
915	3
916	1
917	3
918	6
919	7
920	5
921	3
922	3
923	2
924	4
925	3
926	1
927	3
928	1
929	3
930	2
931	2
932	3
933	6
934	5
935	7
936	3
937	1
938	1
939	3
940	4
941	4
942	3
943	3
944	2
945	2
946	1
947	2
948	2
949	7
950	4
951	5
952	5
953	7
954	1
955	7
956	3
957	4
958	7
959	3
960	2
961	3
962	5
963	5
964	3
965	1
966	2
967	1
968	4
969	3
970	5
971	6
972	3
973	4
974	1
975	3
976	2
977	3
978	1
979	2
980	7
981	2
982	4
983	2
984	2
985	3
986	1
987	4
988	4
989	6
990	6
991	3
992	4
993	2
994	7
995	1
996	5
997	4
998	4
999	4
1000	3
1001	2
1002	3
1003	3
1004	7
1005	2
1006	4
1007	3
1008	4
1009	2
1010	1
1011	3
1012	3
1013	5
1014	3
1015	7
1016	2
1017	3
1018	3
1019	7
1020	5
1021	6
1022	5
1023	3
1024	4
1025	7
1026	3
1027	1
1028	3
1029	4
1030	7
1031	4
1032	3
1033	2
1034	3
1035	7
1036	4
1037	4
1038	5
1039	6
1040	2
1041	4
1042	3
1043	3
1044	7
1045	3
1046	5
1047	7
1048	2
1049	3
1050	3
1051	7
1052	4
1053	7
1054	2
1055	3
1056	3
1057	3
1058	3
1059	2
1060	1
1061	2
1062	1
1063	2
1064	2
1065	3
1066	3
1067	2
1068	7
1069	3
1070	5
1071	2
1072	3
1073	3
1074	3
1075	4
1076	4
1077	4
1078	5
1079	7
1080	3
1081	4
1082	4
1083	7
1084	1
1085	2
1086	3
1087	3
1088	4
1089	7
1090	7
1091	4
1092	6
1093	2
1094	7
1095	7
1096	3
1097	3
1098	4
1099	7
1100	2
1101	4
1102	7
1103	5
1104	3
1105	3
1106	4
1107	7
1108	1
1109	2
1110	3
1111	2
1112	3
1113	5
1114	7
1115	1
1116	2
1117	4
1118	1
1119	2
1120	3
1121	4
1122	2
1123	7
1124	3
1125	4
1126	7
1127	5
1128	3
1129	3
1130	4
1131	3
1132	4
1133	7
1134	1
1135	3
1136	5
1137	4
1138	4
1139	4
1140	2
1141	6
1142	2
1143	2
1144	4
1145	4
1146	4
1147	1
1148	7
1149	3
1150	4
1151	7
1152	4
1153	3
1154	7
1155	3
1156	5
1157	1
1158	1
1159	7
1160	2
1161	4
1162	6
1163	2
1164	2
1165	5
1166	7
1167	6
1168	3
1169	2
1170	5
1171	3
1172	6
1173	4
1174	3
1175	3
1176	1
1177	1
1178	4
1179	2
1180	2
1181	5
1182	4
1183	6
1184	1
1185	3
1186	4
1187	2
1188	4
1189	4
1190	7
1191	2
1192	7
1193	5
1194	2
1195	4
1196	2
1197	4
1198	4
1199	3
1200	6
1201	4
1202	4
1203	4
1204	3
1205	3
1206	3
1207	3
1208	3
1209	2
1210	7
1211	6
1212	1
1213	1
1214	7
1215	7
1216	4
1217	2
1218	2
1219	3
1220	5
1221	6
1222	5
1223	5
1224	3
1225	1
1226	6
1227	4
1228	7
1229	7
1230	3
1231	1
1232	2
1233	2
1234	3
1235	3
1236	4
1237	3
1238	1
1239	3
1240	3
1241	5
1242	2
1243	6
1244	2
1245	7
1246	2
1247	3
1248	6
1249	1
1250	5
1251	1
1252	1
1253	7
1254	7
1255	2
1256	2
1257	5
1258	5
1259	5
1260	4
1261	4
1262	7
1263	4
1264	4
1265	4
1266	7
1267	1
1268	2
1269	3
1270	4
1271	1
1272	7
1273	2
1274	3
1275	3
1276	6
1277	1
1278	7
1279	3
1280	3
1281	7
1282	7
1283	3
1284	1
1285	3
1286	3
1287	2
1288	1
1289	3
1290	4
1291	3
1292	3
1293	1
1294	3
1295	2
1296	2
1297	3
1298	7
1299	7
1300	3
1301	2
1302	7
1303	3
1304	7
1305	4
1306	3
1307	3
1308	4
1309	7
1310	7
1311	5
1312	6
1313	2
1314	3
1315	3
1316	3
1317	5
1318	6
1319	3
1320	4
1321	1
1322	4
1323	1
1324	7
1325	5
1326	7
1327	3
1328	3
1329	1
1330	1
1331	7
1332	7
1333	1
1334	4
1335	4
1336	3
1337	3
1338	7
1339	7
1340	1
1341	3
1342	4
1343	5
1344	5
1345	6
1346	4
1347	6
1348	1
1349	1
1350	3
1351	7
1352	4
1353	3
1354	3
1355	2
1356	2
1357	7
1358	6
1359	3
1360	3
1361	2
1362	3
1363	3
1364	2
1365	4
1366	5
1367	1
1368	2
1369	5
1370	1
1371	1
1372	4
1373	7
1374	1
1375	3
1376	7
1377	7
1378	3
1379	1
1380	5
1381	7
1382	3
1383	1
