0	1230
0	1702
1	579
1	1314
1	1983
3	1335
4	1226
5	90
5	361
5	1048
5	1940
5	1986
5	2423
7	340
10	1448
10	1538
10	1990
10	2479
11	249
11	418
11	620
11	1563
11	1595
11	2337
13	24
15	589
15	883
15	1807
15	1929
15	1956
15	2002
15	2005
17	1631
17	1942
17	2372
18	1101
18	2282
19	28
19	618
19	1466
19	2086
19	2460
20	2439
22	1155
22	2107
24	639
24	2109
24	2354
25	437
25	1322
25	1659
25	1734
28	1470
35	2308
37	1151
37	2543
39	128
39	1829
41	1795
42	1979
43	214
43	474
43	780
44	520
44	1826
47	2265
48	55
48	144
48	293
48	437
48	444
48	466
48	521
48	546
48	673
48	747
48	837
48	1035
48	1065
48	1379
48	1403
48	1482
48	1676
48	1862
48	2006
48	2027
48	2069
48	2074
48	2189
48	2280
48	2328
48	2479
48	2539
51	1137
54	2
54	144
54	287
54	867
54	876
54	999
54	1404
54	1812
54	1815
54	1895
54	2383
55	1947
55	2539
56	754
57	1191
57	1199
59	2567
61	999
61	1126
61	1425
61	2341
62	1
62	579
62	1141
62	1406
63	1234
67	210
67	321
67	2195
68	441
68	523
68	811
68	863
68	875
68	934
68	1005
68	1105
68	1165
68	1394
68	1585
68	1613
68	1784
68	2145
70	493
70	2473
74	2176
75	374
75	2070
75	2106
76	1090
76	2294
77	1563
78	586
78	711
78	824
78	1301
78	1334
78	1420
78	2029
78	2101
79	543
80	621
82	2259
84	2285
87	1044
87	1702
87	1773
87	2071
89	305
89	2188
89	2500
90	5
90	361
90	1195
90	1722
90	1986
90	2538
92	2565
93	1073
93	1867
94	937
96	27
96	319
96	371
96	514
96	1649
96	1936
97	694
97	1350
97	1549
97	1714
98	242
98	339
98	422
98	525
98	1392
98	1843
98	2453
98	2509
100	846
102	1182
103	225
106	950
106	1916
106	1947
107	1446
108	168
108	339
108	346
108	495
108	544
108	545
108	718
108	903
108	989
108	1079
108	1200
108	1219
108	1253
108	1399
108	1440
108	1801
108	1868
108	1909
108	1955
108	2243
108	2263
108	2339
108	2450
111	464
111	884
111	1689
114	368
114	915
114	1912
114	2091
117	574
118	792
120	510
120	1741
121	14
121	823
121	2061
121	2494
122	262
122	2056
122	2081
122	2183
123	335
123	931
123	1022
123	1484
123	1624
123	1847
123	1877
123	2504
126	457
126	844
126	1122
126	1715
126	2095
131	268
132	129
132	375
132	713
132	1314
132	1746
132	1855
132	2522
133	646
134	2465
135	322
135	695
135	1322
135	1710
135	2517
135	2532
136	841
136	2309
137	21
137	591
137	709
137	805
137	2379
138	1246
138	2041
139	614
139	1700
140	509
140	1266
140	1691
145	501
146	85
146	196
146	394
146	398
146	524
146	697
146	714
146	772
146	943
146	973
146	1062
146	1064
146	1099
146	1249
146	1517
146	1571
146	1579
146	1748
146	1772
146	1784
146	1819
146	1870
146	2014
146	2015
146	2255
146	2406
146	2520
147	2315
148	1284
148	1400
150	305
150	1065
150	1820
150	1959
150	2500
152	40
154	1752
154	2127
154	2205
154	2427
155	431
155	709
157	546
157	1185
158	115
158	199
158	602
159	1226
159	1494
159	2234
160	1009
160	1351
160	2000
160	2070
161	2294
162	501
164	244
164	570
164	2030
166	335
166	1529
166	1593
169	1970
170	263
170	1475
170	1575
170	1710
170	1798
171	795
172	719
172	1186
175	231
175	1396
176	641
176	1043
176	1654
176	1908
176	2179
176	2199
176	2561
179	5
179	1940
180	167
180	234
180	1075
180	1177
180	1721
180	2011
182	1731
183	284
183	672
184	574
184	1499
189	2211
190	33
190	998
190	2566
191	16
195	60
200	1855
200	1925
203	2543
204	171
204	737
204	1991
205	1021
205	2349
205	2377
205	2399
206	1738
207	536
207	2234
208	194
210	321
210	1095
210	2195
211	815
211	840
211	896
211	1544
211	1835
211	1993
211	2271
211	2381
213	2163
214	1044
214	1692
214	1826
216	187
216	442
216	531
216	785
216	1096
216	1480
216	1972
218	298
218	318
218	1342
218	1359
218	1825
218	1876
218	2378
222	1559
223	1087
225	1097
227	314
227	717
227	760
227	1472
227	1712
227	2377
227	2492
228	1197
228	1204
228	2204
231	40
231	2480
233	909
233	2076
239	1701
244	570
245	415
245	655
245	883
245	945
245	1011
245	1439
245	1921
245	2085
245	2346
248	496
248	1262
248	1533
251	924
251	1304
252	1527
252	1949
253	109
253	551
254	481
254	1417
254	1746
255	192
255	489
255	535
255	577
255	794
255	1733
255	1915
256	410
256	468
256	1852
260	8
260	989
260	2524
261	370
261	1998
268	2222
269	1768
269	1804
269	1975
270	868
270	2096
271	1654
271	2179
271	2442
272	1396
272	2144
273	2008
274	1660
275	113
275	1497
275	1824
276	1301
277	1063
277	1186
277	1187
277	1707
278	578
278	665
279	1030
281	418
283	696
283	845
283	920
283	1049
283	1523
283	1881
284	183
284	384
284	493
284	672
284	1266
284	2473
284	2480
286	1027
287	144
289	689
290	60
290	1022
290	1084
290	1484
292	145
295	861
297	912
297	1659
299	541
299	595
299	1509
301	2042
303	452
303	901
303	2326
304	326
304	2295
306	239
306	281
306	444
306	445
306	620
306	797
306	1178
306	1420
306	1432
306	1608
306	1705
306	1862
306	1895
306	2213
306	2341
307	1039
307	2210
309	781
309	2490
310	243
310	1428
311	1157
312	1490
312	2127
313	2039
313	2311
314	223
315	1764
318	1974
322	63
322	66
322	99
322	112
322	208
322	246
322	288
322	426
322	458
322	523
322	678
322	834
322	843
322	942
322	985
322	1234
322	1394
322	1475
322	1490
322	1535
322	1549
322	1575
322	1642
322	1702
322	1707
322	1776
322	1798
322	1862
322	1973
322	2067
322	2192
322	2321
322	2355
322	2422
322	2464
322	2517
322	2532
324	1036
325	1668
328	1614
330	1463
331	1355
331	2146
334	288
334	1319
335	65
336	928
336	1689
342	644
342	2300
344	1038
344	1911
347	435
347	2288
347	2425
350	257
350	508
350	545
350	764
350	1161
350	1672
350	1778
350	1834
350	2147
351	105
356	50
356	348
356	397
356	1375
356	1656
356	1699
356	2569
359	46
363	181
363	1191
363	1199
363	2571
364	2412
366	866
366	921
367	1209
368	433
368	601
368	1505
368	1912
368	1977
369	1812
370	261
370	1453
371	188
371	2320
372	1155
373	1269
374	708
374	1241
374	2000
374	2070
375	727
375	1659
379	12
379	469
379	1254
380	822
381	439
381	528
381	2191
382	122
385	1312
385	2495
387	1061
390	1634
390	2149
396	600
396	1249
401	1543
405	178
405	1381
406	988
406	1139
406	1225
407	686
407	1102
409	546
409	2369
410	391
411	47
411	2470
413	30
413	1014
413	1299
413	1397
413	2484
414	110
414	418
414	843
415	2270
416	359
416	1975
416	2202
416	2482
417	2554
419	1010
421	1793
423	662
426	208
426	2552
427	572
427	658
427	753
427	922
428	568
430	1644
430	1685
430	1811
432	964
434	1051
434	1415
434	1806
438	280
438	1705
438	1836
441	875
441	1016
442	666
443	1363
444	111
444	239
444	249
444	276
444	280
444	336
444	747
444	1225
444	1378
444	1379
444	1403
444	1542
444	1551
444	1689
444	1789
444	1836
444	1862
444	1895
444	2027
444	2063
444	2107
444	2230
444	2303
444	2369
444	2546
444	2557
446	91
446	313
446	1734
446	2234
446	2535
448	1167
448	1267
449	125
451	688
451	892
451	1184
451	1221
451	1485
451	1616
451	1902
452	1100
454	778
455	612
455	1414
455	2284
457	437
464	757
464	884
464	1689
467	595
468	391
469	1239
470	140
470	1266
470	1415
470	1792
470	2012
471	72
471	1341
471	1374
471	1832
472	1255
473	1225
473	1511
475	313
475	1521
475	2234
475	2535
476	12
476	241
476	308
476	319
476	1159
476	1317
476	1395
476	1455
476	1839
476	1936
476	2136
480	229
482	423
482	777
482	1565
482	1697
482	2104
483	151
483	228
486	1437
486	2547
487	1253
488	1779
489	1809
490	11
490	521
490	1513
490	2157
490	2197
490	2462
491	1669
492	235
492	2168
493	70
494	1567
494	1935
494	1941
496	240
498	1116
498	1297
498	1419
498	1564
498	2148
500	1629
501	1088
502	1788
503	177
503	2272
504	398
506	863
506	2145
507	1683
508	1778
511	111
511	2341
512	984
512	1247
512	1523
513	2072
515	317
515	1291
515	1780
517	643
517	807
517	1046
517	1077
517	1496
517	2437
518	1810
520	2025
522	14
522	19
522	426
522	529
522	689
522	768
522	965
522	969
522	2019
522	2325
522	2482
522	2552
523	322
523	2464
525	1901
526	1933
528	2191
530	1574
533	479
533	1146
533	2155
533	2359
533	2426
534	1278
537	1883
538	718
538	903
538	1631
538	2142
538	2174
539	974
540	323
540	341
540	827
540	1969
540	2248
545	1440
545	1868
549	1215
549	1494
549	1735
549	2084
549	2220
550	1832
552	2056
554	831
554	2077
555	372
555	1155
555	1350
555	1663
555	2331
557	1064
559	279
559	1030
559	1726
560	1748
560	2375
562	493
562	856
562	2330
563	1353
564	773
564	2237
564	2271
564	2356
565	607
565	838
565	1035
565	1805
565	2189
565	2519
568	429
570	244
571	1514
571	2021
571	2470
572	456
573	91
573	109
573	551
574	127
574	455
574	481
574	1414
574	1476
574	1606
574	1626
574	1745
574	2032
574	2084
574	2220
574	2533
576	402
576	403
576	1325
576	1390
577	1251
577	1315
577	1444
579	1534
581	773
581	2364
582	679
582	2414
583	1495
584	285
584	330
584	619
584	710
584	745
584	805
584	847
584	877
584	1006
584	1146
584	1408
584	1444
584	1582
584	1673
584	1732
584	2476
587	1923
587	2134
588	73
588	569
588	1233
590	302
590	2176
590	2560
591	1053
592	2068
592	2223
595	541
595	797
595	2338
595	2499
596	234
596	1111
598	424
599	1156
602	1469
603	547
604	119
604	144
604	291
604	323
604	337
604	412
604	460
604	519
604	532
604	729
604	823
604	829
604	982
604	1029
604	1121
604	1184
604	1206
604	1315
604	1453
604	1464
604	1573
604	1642
604	1660
604	1710
604	1866
604	1956
604	2072
604	2124
604	2380
604	2445
607	1404
608	1814
609	935
610	364
613	905
615	867
617	541
617	589
617	1509
617	1540
617	2002
620	1456
621	80
621	1104
623	2128
628	749
629	1104
630	515
630	1291
633	754
633	1920
635	277
637	734
637	1053
637	2373
639	1237
640	718
642	561
642	1166
643	807
647	1933
648	263
648	2113
649	2528
651	2111
652	153
652	547
652	584
652	895
652	1063
652	1087
652	1113
652	1552
652	1623
652	1670
652	1786
652	1923
652	1927
652	2079
652	2228
652	2527
653	813
653	2333
653	2402
655	280
656	130
660	1493
663	626
663	750
663	1144
664	23
664	822
664	2408
666	531
669	1000
669	2269
675	530
675	728
675	1433
675	1476
675	1574
675	1988
678	43
678	1535
681	1441
682	277
682	711
682	824
682	1305
682	1334
682	1989
682	2029
682	2396
683	1323
687	201
687	1243
687	1348
687	1484
687	2504
689	145
689	162
689	292
689	501
689	561
689	1333
689	1906
689	2250
689	2282
689	2417
691	818
691	923
692	1050
693	749
695	187
695	358
695	424
695	505
695	1612
695	1807
695	2355
697	1099
697	2014
697	2175
698	1426
699	838
699	2518
700	71
700	83
700	1158
700	1326
703	162
703	292
703	507
703	689
703	936
703	1333
703	2301
704	261
704	810
704	2193
705	1704
707	70
707	256
707	1852
708	1190
708	1443
708	1633
715	217
715	1010
716	1592
717	1430
720	1668
721	353
722	1729
722	1747
723	1369
723	1590
724	1462
726	228
726	483
726	1620
726	2248
731	2
731	185
731	696
731	818
731	2339
732	605
732	616
732	798
732	1120
733	341
733	1053
734	709
736	1474
737	2486
738	1386
738	1800
739	976
741	925
741	1054
741	1085
741	1488
741	2514
742	1192
742	1617
744	143
745	1006
745	1582
745	2409
747	10
747	110
747	542
747	996
747	1096
747	1349
747	2230
747	2369
750	358
750	1144
750	1612
750	1994
750	2093
752	164
752	244
752	482
752	570
752	623
752	625
752	662
752	1229
752	1416
752	2028
752	2235
753	668
753	712
755	433
755	601
756	1169
757	2219
757	2337
758	288
758	775
758	1183
758	1600
758	2452
760	1000
760	2492
761	639
761	1070
761	1319
761	1805
761	1825
761	2158
761	2477
763	1228
763	1465
764	1523
767	774
768	73
768	538
768	923
768	2086
769	1981
770	459
770	1966
772	394
772	527
772	1571
774	294
775	590
775	2176
776	1716
776	1885
776	2184
776	2232
777	423
777	743
777	1668
777	2028
778	454
779	1740
782	1775
783	1150
785	1350
786	95
786	211
786	1140
786	1409
786	2156
786	2244
786	2362
787	1007
787	1186
787	1602
789	1276
789	1506
789	1828
789	2115
793	790
796	220
796	2498
797	1478
800	1999
801	479
801	938
801	1512
801	1781
801	2155
802	1243
802	1348
805	1736
807	1205
807	2529
808	868
808	1224
808	2514
808	2555
809	1331
810	704
810	2193
811	68
811	174
811	376
811	441
811	934
811	1005
811	1105
811	1165
811	1585
811	1613
811	1819
811	1926
811	2145
812	1316
812	1840
814	1311
816	1
816	269
816	405
816	514
816	2065
816	2361
816	2405
818	1632
819	11
819	230
819	1017
819	1251
819	2449
819	2568
821	841
822	762
824	2396
828	2068
829	2167
830	905
832	1124
832	1757
834	1005
835	2272
836	210
836	321
837	276
837	444
837	521
837	1482
837	2280
838	1767
839	709
839	804
840	896
842	2085
848	228
848	381
848	439
848	676
848	983
848	1237
848	1684
848	2191
851	447
852	1388
852	2158
853	83
853	1179
853	1244
853	1305
853	1849
853	2101
854	147
854	1426
855	296
855	360
855	871
855	880
855	908
855	1881
855	2063
857	1127
858	258
858	1873
858	1923
858	2097
860	29
860	509
860	1815
860	1888
861	295
862	2440
864	589
864	887
864	2346
864	2433
866	921
869	1087
872	2338
872	2435
875	441
875	1165
875	1613
875	2145
876	607
876	1404
877	20
878	988
878	1456
878	2501
879	659
879	2395
880	707
880	1487
881	1291
881	1780
882	237
883	2005
884	230
884	438
884	757
884	819
884	838
884	1357
884	1608
884	1805
886	2154
889	912
890	528
890	2191
893	1257
893	1496
893	1967
893	2437
894	2000
895	227
895	700
895	1158
895	1201
895	1340
895	1382
895	1569
895	1598
895	1666
895	2060
895	2496
896	1337
897	333
897	588
897	1083
897	1135
898	1790
898	2026
898	2077
899	223
899	700
899	1670
899	2482
899	2571
901	284
901	672
905	238
906	122
906	161
906	902
906	932
906	1216
906	1270
906	1735
906	1857
906	2081
906	2183
906	2221
906	2294
908	303
909	985
911	1688
916	2278
918	2055
920	157
920	535
920	794
920	1264
920	1733
920	1915
920	1918
920	2217
921	866
922	658
922	753
922	949
922	1671
922	1777
922	2123
922	2298
927	902
927	935
930	2395
931	44
931	201
931	226
931	491
931	823
931	1022
931	1297
931	1419
931	1564
931	1615
931	1669
931	1796
931	1847
931	2247
937	94
938	871
938	1781
938	2470
939	1383
939	1591
940	2097
940	2269
942	2113
943	973
945	1921
946	1337
948	1200
949	590
951	1580
951	1973
953	2506
955	1031
955	1945
955	2039
955	2572
958	228
958	425
958	539
958	618
958	676
958	734
958	957
958	1128
958	1204
958	1252
958	1466
958	1470
958	1514
958	1572
958	2086
959	1481
960	784
960	2259
960	2376
960	2563
961	708
961	1443
962	1277
963	1583
964	432
966	277
966	1187
966	1653
967	282
967	632
967	806
967	865
967	889
967	2135
967	2137
967	2178
968	421
968	870
968	1812
968	2216
968	2359
969	10
969	113
969	275
969	289
969	420
969	426
969	522
969	958
969	1238
969	1497
969	1656
969	1711
969	2493
970	357
971	1830
978	1835
980	1092
980	1373
980	1520
980	1887
980	2057
981	236
981	1150
981	1588
982	349
982	1316
982	1769
983	24
983	327
983	381
983	435
983	439
983	528
983	735
983	848
983	890
983	1181
983	1237
983	1601
983	1693
983	1961
983	2191
983	2302
983	2354
983	2376
984	569
984	1425
986	34
986	71
986	624
986	700
986	965
986	1115
986	1133
986	1389
986	1576
986	2258
986	2288
987	897
990	743
990	1138
990	1565
991	272
991	470
991	2012
992	2103
993	1765
994	2278
996	2165
1002	743
1002	777
1002	1668
1003	1892
1003	2368
1006	128
1006	136
1006	173
1006	285
1006	291
1006	330
1006	357
1006	730
1006	734
1006	805
1006	847
1006	877
1006	974
1006	1252
1006	1281
1006	1408
1006	1444
1006	1550
1006	1582
1006	1647
1006	1770
1006	1830
1006	1974
1006	2126
1006	2375
1006	2379
1006	2404
1006	2409
1006	2411
1007	105
1008	1016
1009	374
1009	1351
1012	283
1012	845
1012	1881
1013	130
1013	347
1013	435
1013	1287
1013	1561
1013	2425
1014	261
1014	604
1014	850
1014	1040
1014	1299
1014	1987
1014	2484
1015	279
1015	559
1015	1030
1015	1726
1017	2034
1018	832
1019	842
1020	21
1020	907
1020	1564
1020	1620
1020	2061
1024	702
1028	731
1028	1522
1028	1632
1028	1724
1028	1752
1028	1843
1028	1863
1028	2188
1030	36
1030	63
1030	101
1030	222
1030	279
1030	461
1030	590
1030	702
1030	747
1030	751
1030	1074
1030	1170
1030	1249
1030	1468
1030	1559
1030	1748
1030	1874
1030	1932
1030	2054
1030	2067
1030	2216
1030	2246
1030	2321
1030	2489
1033	1996
1034	694
1034	701
1034	883
1034	1624
1034	2002
1034	2005
1034	2207
1039	657
1039	2210
1040	1299
1040	2484
1040	2485
1041	956
1042	1914
1042	1987
1043	641
1043	954
1043	2161
1044	2431
1045	18
1045	992
1045	1101
1045	1336
1045	2164
1050	692
1052	16
1052	100
1052	128
1052	440
1052	989
1052	1192
1052	1614
1052	1836
1052	1970
1052	2170
1052	2470
1052	2559
1053	650
1053	1721
1054	600
1054	925
1054	1085
1057	595
1057	797
1057	1049
1057	1390
1057	1478
1057	1603
1057	2499
1061	1692
1063	224
1065	530
1065	1448
1065	1574
1065	1820
1065	1959
1065	1990
1065	2343
1067	1274
1067	2482
1069	345
1069	937
1069	2512
1074	1559
1076	820
1078	2254
1079	428
1079	1503
1079	1677
1079	2243
1080	2517
1081	1103
1081	2549
1082	636
1083	1559
1085	1178
1086	173
1086	1393
1086	1844
1086	2117
1086	2209
1087	869
1087	2492
1088	145
1088	501
1091	378
1091	947
1092	1250
1092	1373
1092	1520
1092	1887
1092	1930
1093	153
1094	20
1094	734
1094	1335
1094	1620
1096	69
1096	101
1096	102
1096	136
1096	193
1096	204
1096	225
1096	485
1096	542
1096	561
1096	600
1096	663
1096	673
1096	987
1096	1127
1096	1170
1096	1182
1096	1230
1096	1300
1096	1342
1096	1356
1096	1359
1096	1366
1096	1370
1096	1488
1096	1543
1096	1555
1096	1566
1096	1570
1096	1584
1096	1618
1096	1638
1096	1664
1096	1681
1096	1750
1096	1766
1096	1876
1096	2007
1096	2049
1096	2099
1096	2198
1096	2296
1096	2369
1096	2378
1096	2502
1096	2517
1096	2556
1097	225
1098	713
1098	932
1098	2183
1099	394
1099	527
1099	557
1099	697
1099	772
1099	900
1099	943
1099	1064
1099	1435
1099	1870
1099	2014
1099	2175
1099	2255
1103	1248
1106	134
1106	2052
1106	2465
1110	188
1112	660
1116	1316
1117	2166
1118	206
1118	1738
1121	982
1123	241
1123	550
1123	1071
1123	1374
1123	1468
1124	2531
1126	472
1126	1705
1126	1730
1126	2462
1127	775
1127	1865
1127	2094
1131	58
1131	817
1132	240
1135	1370
1137	743
1140	556
1141	1
1141	579
1141	1032
1141	1406
1141	1534
1144	750
1144	1994
1145	50
1145	289
1146	1736
1153	1873
1154	235
1154	1162
1154	2556
1155	1425
1155	1663
1157	311
1160	1428
1162	1554
1163	2516
1165	441
1168	158
1168	1134
1172	165
1172	196
1172	697
1172	714
1172	772
1172	900
1172	1099
1172	1278
1172	1435
1172	1517
1172	1579
1172	1957
1172	2014
1172	2015
1172	2092
1172	2175
1172	2406
1173	1392
1173	1791
1173	2430
1173	2435
1174	1412
1177	167
1178	558
1178	1011
1178	1456
1178	1754
1178	1788
1178	2046
1178	2293
1186	719
1188	2163
1189	1540
1189	1563
1191	1199
1193	330
1194	437
1194	771
1194	1295
1194	1376
1194	2305
1196	1219
1196	1347
1196	1541
1196	2468
1197	868
1197	887
1198	1368
1199	1191
1201	487
1201	1753
1201	1909
1207	844
1207	1626
1208	1696
1210	177
1211	1104
1211	1232
1215	109
1215	1494
1215	2010
1215	2518
1217	1321
1217	1342
1217	1359
1217	1533
1219	1068
1220	1072
1220	1765
1220	2471
1222	282
1222	2135
1224	2514
1227	1373
1227	1520
1227	1930
1227	2057
1232	80
1232	1211
1232	2270
1232	2434
1235	219
1235	378
1235	545
1235	568
1235	679
1235	1161
1235	1196
1235	1672
1235	1711
1235	1863
1235	1919
1235	2386
1235	2414
1236	1255
1237	1313
1237	2109
1237	2354
1238	1656
1240	626
1240	2275
1242	52
1243	166
1243	580
1243	802
1243	1593
1245	674
1245	1243
1245	1348
1245	2504
1246	869
1246	2062
1247	108
1247	691
1247	696
1247	2291
1248	894
1248	1351
1254	12
1254	1851
1256	2192
1257	185
1257	386
1257	643
1257	654
1257	807
1257	1496
1257	1548
1257	1967
1257	1995
1257	2437
1257	2529
1258	2422
1262	248
1265	1089
1265	2490
1266	434
1266	1792
1267	250
1267	448
1267	1167
1268	2080
1270	32
1271	340
1271	560
1271	2471
1272	399
1272	651
1273	818
1273	1632
1276	51
1276	886
1276	1323
1276	1355
1276	1695
1276	2146
1276	2253
1276	2352
1276	2389
1278	1997
1279	1493
1280	399
1283	1155
1283	1663
1283	2107
1284	186
1288	12
1288	27
1288	33
1288	107
1288	188
1288	265
1288	269
1288	319
1288	514
1288	765
1288	1159
1288	1239
1288	1254
1288	1599
1288	1745
1288	1925
1288	1936
1288	1975
1288	2290
1288	2424
1290	663
1291	81
1291	104
1291	317
1291	515
1291	630
1291	2542
1292	856
1293	891
1293	2319
1294	867
1295	2305
1296	886
1299	850
1300	1117
1300	1621
1300	2476
1302	1994
1303	1999
1304	251
1304	1986
1304	2420
1305	17
1305	209
1305	1631
1306	305
1306	330
1306	1367
1306	1519
1306	1749
1306	2187
1306	2401
1306	2421
1306	2500
1309	34
1309	340
1309	532
1309	804
1309	1102
1309	1280
1309	1389
1309	1393
1309	2111
1309	2258
1310	188
1310	1159
1310	1775
1310	1954
1312	667
1312	2236
1312	2400
1313	639
1314	129
1318	2051
1318	2350
1320	37
1320	1449
1320	1691
1320	2330
1321	6
1323	683
1326	2563
1327	1353
1327	1362
1327	1606
1327	1774
1334	1109
1338	401
1338	792
1339	874
1339	1690
1340	347
1340	784
1340	1446
1340	1666
1340	2425
1340	2563
1344	1881
1345	729
1346	888
1346	1486
1347	723
1347	1541
1347	1718
1347	1821
1347	2468
1348	763
1350	105
1351	392
1351	1009
1351	2008
1353	563
1354	163
1354	910
1355	2146
1358	1831
1358	2240
1358	2386
1360	984
1361	388
1361	1240
1362	1544
1363	443
1363	1670
1363	1797
1364	1007
1364	2440
1367	634
1367	748
1371	478
1377	66
1377	101
1377	232
1377	246
1377	343
1377	436
1377	461
1377	466
1377	492
1377	585
1377	673
1377	769
1377	913
1377	930
1377	959
1377	987
1377	1027
1377	1078
1377	1083
1377	1107
1377	1202
1377	1260
1377	1263
1377	1336
1377	1345
1377	1349
1377	1379
1377	1403
1377	1418
1377	1491
1377	1507
1377	1553
1377	1557
1377	1584
1377	1645
1377	1664
1377	1683
1377	1737
1377	1750
1377	1874
1377	1890
1377	1932
1377	1980
1377	2031
1377	2067
1377	2103
1377	2168
1377	2189
1377	2246
1377	2254
1377	2282
1377	2296
1377	2328
1377	2363
1377	2366
1377	2432
1377	2444
1382	700
1382	1013
1382	1923
1382	2041
1382	2079
1382	2268
1382	2564
1383	1492
1383	2344
1384	1135
1384	1366
1384	1809
1385	680
1386	1460
1386	1963
1387	2208
1391	1084
1391	1488
1391	1619
1391	1624
1391	1763
1391	2085
1391	2200
1391	2346
1392	156
1392	243
1392	367
1392	393
1392	395
1392	499
1392	730
1392	1209
1392	1396
1392	1752
1392	2245
1392	2281
1392	2427
1397	212
1397	736
1398	1343
1399	803
1402	338
1402	1809
1402	2395
1403	1379
1403	1542
1404	607
1406	62
1406	1032
1406	1141
1410	285
1410	709
1410	1130
1410	1647
1410	2411
1411	1337
1413	584
1414	75
1414	336
1414	512
1414	737
1414	757
1414	837
1414	959
1414	1029
1414	1035
1414	1178
1414	1482
1414	1568
1414	1837
1414	2046
1414	2118
1414	2194
1414	2208
1414	2219
1414	2334
1415	1051
1415	1806
1417	109
1417	551
1418	125
1419	51
1419	484
1419	812
1419	931
1419	1297
1419	1965
1420	711
1420	1667
1421	389
1421	1492
1421	1818
1421	2392
1422	680
1422	1385
1422	2442
1423	612
1423	1449
1423	2151
1423	2330
1424	1298
1424	1428
1424	1703
1424	1871
1424	2394
1426	147
1426	698
1426	854
1426	1148
1426	1643
1426	2315
1427	2069
1428	805
1428	1298
1431	2072
1433	32
1433	728
1433	838
1433	927
1433	2209
1436	1109
1437	2547
1438	1177
1438	1252
1438	2036
1438	2552
1439	655
1445	283
1445	1012
1445	1881
1447	423
1447	602
1447	662
1447	779
1447	1168
1447	1442
1447	1697
1447	1828
1447	2028
1447	2104
1447	2498
1452	1785
1454	2447
1455	2290
1457	451
1458	2225
1460	187
1460	1481
1460	1800
1461	2001
1463	1503
1464	775
1467	1498
1468	844
1468	885
1468	1123
1471	175
1473	933
1473	2018
1474	736
1476	72
1476	1626
1479	111
1479	181
1479	230
1479	276
1479	281
1479	287
1479	352
1479	438
1479	464
1479	472
1479	690
1479	843
1479	904
1479	928
1479	1035
1479	1065
1479	1126
1479	1251
1479	1301
1479	1432
1479	1478
1479	1513
1479	1705
1479	1730
1479	1783
1479	1808
1479	1861
1479	1895
1479	2027
1479	2034
1479	2078
1479	2125
1479	2280
1479	2281
1479	2303
1479	2340
1479	2449
1479	2557
1482	11
1482	111
1482	204
1482	287
1482	293
1482	320
1482	464
1482	467
1482	472
1482	521
1482	595
1482	747
1482	819
1482	826
1482	837
1482	843
1482	884
1482	919
1482	944
1482	959
1482	1029
1482	1109
1482	1126
1482	1251
1482	1302
1482	1357
1482	1401
1482	1436
1482	1477
1482	1513
1482	1595
1482	1667
1482	1676
1482	1689
1482	1836
1482	1837
1482	1861
1482	1862
1482	1895
1482	1996
1482	2006
1482	2078
1482	2083
1482	2137
1482	2189
1482	2230
1482	2281
1482	2293
1482	2337
1482	2340
1482	2343
1482	2449
1482	2462
1482	2519
1488	0
1488	74
1488	600
1488	741
1488	1054
1488	1230
1488	1601
1488	1652
1488	1693
1488	1872
1488	1929
1488	2302
1489	270
1489	685
1489	808
1489	1894
1489	2247
1492	1383
1492	1818
1492	2344
1497	19
1497	47
1497	113
1497	1824
1498	2392
1499	1341
1501	670
1503	2279
1504	30
1504	79
1504	543
1504	1318
1504	1535
1504	1854
1504	2322
1505	776
1505	1383
1505	1421
1505	1492
1505	1529
1505	1818
1505	2184
1505	2232
1505	2344
1505	2392
1506	2160
1508	1625
1508	1686
1508	2000
1508	2070
1509	541
1509	617
1509	868
1509	1701
1509	1725
1509	2338
1510	215
1510	2007
1515	142
1515	453
1515	486
1515	952
1515	1193
1515	1351
1515	1380
1515	1437
1515	1889
1515	2202
1515	2265
1515	2358
1515	2547
1516	2109
1517	196
1517	697
1517	900
1517	1870
1517	2014
1518	217
1518	419
1520	1373
1521	548
1521	749
1524	678
1525	740
1525	1618
1526	1637
1527	1407
1527	1543
1527	1544
1527	2112
1527	2335
1528	677
1528	930
1528	1756
1528	1963
1530	377
1531	1395
1532	295
1532	861
1532	927
1535	215
1536	320
1536	1401
1536	2189
1537	405
1537	1029
1537	2557
1539	479
1539	1865
1542	1403
1545	628
1546	1284
1547	220
1547	1447
1547	1978
1549	97
1549	1601
1549	2302
1556	465
1556	1476
1556	1626
1558	593
1560	197
1560	626
1560	2275
1561	1287
1561	1324
1561	2121
1561	2534
1567	266
1567	494
1567	1941
1567	2185
1568	318
1568	360
1568	477
1568	1130
1568	1212
1568	1217
1568	1275
1568	1658
1568	1863
1568	1984
1568	2117
1568	2162
1568	2451
1573	2019
1577	105
1577	1007
1577	1364
1577	1933
1577	2157
1577	2332
1577	2440
1578	706
1579	1517
1579	1819
1579	2092
1581	1676
1582	128
1582	173
1582	535
1582	794
1582	1006
1582	1090
1582	1281
1582	1444
1582	1733
1582	1790
1582	1915
1586	1166
1586	2355
1588	783
1588	1150
1589	2321
1594	86
1594	304
1594	326
1594	2295
1596	1111
1597	221
1597	1174
1597	1412
1597	2510
1598	130
1598	760
1598	1158
1598	1430
1598	1472
1599	265
1599	611
1599	947
1599	1646
1599	2362
1599	2404
1604	720
1604	1668
1606	1713
1607	366
1607	1884
1608	919
1608	2197
1609	594
1609	1815
1609	1888
1611	1561
1611	1961
1611	2397
1611	2534
1613	1585
1616	892
1617	1149
1617	1192
1617	1893
1618	740
1618	1525
1619	325
1620	124
1620	167
1620	323
1620	341
1620	1020
1620	1177
1620	1610
1620	1647
1621	1115
1621	1204
1621	2506
1622	1058
1623	1000
1623	1502
1628	1682
1631	17
1631	1718
1631	1942
1635	524
1635	2015
1640	1493
1641	661
1641	930
1641	1692
1643	1426
1644	1538
1645	962
1645	1249
1645	1277
1645	2246
1647	2126
1649	514
1651	886
1651	2154
1654	2442
1655	780
1655	854
1655	1061
1657	1721
1659	375
1661	340
1661	560
1661	1372
1661	1647
1661	2257
1662	198
1664	702
1665	616
1665	734
1665	827
1665	1969
1668	777
1671	658
1671	1605
1675	979
1676	110
1678	1696
1679	71
1679	1004
1680	696
1680	764
1680	1523
1680	1599
1680	2284
1683	80
1683	507
1685	141
1685	148
1685	1400
1685	2053
1686	392
1686	1151
1686	1241
1687	219
1687	645
1687	723
1687	877
1687	926
1687	995
1687	1218
1687	1308
1687	1369
1687	1590
1687	1821
1687	1904
1687	2257
1687	2468
1689	280
1689	281
1689	884
1690	874
1690	1385
1692	1061
1694	1175
1695	1276
1695	2389
1699	348
1699	440
1699	957
1699	1572
1700	2551
1701	450
1703	1871
1705	438
1706	1498
1708	329
1708	1023
1708	1434
1708	1630
1709	1865
1711	348
1711	440
1711	667
1711	957
1711	1582
1711	2044
1711	2474
1712	205
1712	223
1712	760
1712	1472
1712	1905
1712	2052
1712	2377
1712	2463
1714	741
1714	1054
1714	1261
1714	1624
1714	1929
1714	2002
1714	2207
1715	241
1715	1516
1715	2334
1715	2417
1716	1885
1717	2488
1720	2502
1723	578
1723	627
1723	1147
1723	2544
1725	883
1726	1759
1727	346
1727	545
1727	1196
1727	1440
1727	1868
1729	722
1729	1747
1729	2448
1732	14
1732	745
1732	1006
1732	1149
1732	1617
1732	2386
1739	1192
1739	2473
1742	37
1742	1151
1742	1174
1742	1412
1742	2151
1742	2510
1743	156
1743	499
1743	2205
1744	41
1744	264
1745	1
1745	18
1745	27
1745	38
1745	67
1745	91
1745	95
1745	107
1745	117
1745	129
1745	132
1745	150
1745	200
1745	210
1745	211
1745	254
1745	265
1745	319
1745	321
1745	366
1745	379
1745	403
1745	405
1745	462
1745	469
1745	473
1745	476
1745	485
1745	514
1745	516
1745	550
1745	553
1745	556
1745	567
1745	574
1745	575
1745	642
1745	713
1745	782
1745	786
1745	816
1745	825
1745	830
1745	835
1745	836
1745	840
1745	866
1745	905
1745	916
1745	921
1745	927
1745	975
1745	977
1745	1037
1745	1055
1745	1071
1745	1095
1745	1119
1745	1159
1745	1176
1745	1207
1745	1215
1745	1222
1745	1231
1745	1239
1745	1254
1745	1281
1745	1284
1745	1317
1745	1337
1745	1338
1745	1352
1745	1362
1745	1378
1745	1395
1745	1407
1745	1409
1745	1414
1745	1455
1745	1476
1745	1526
1745	1544
1745	1574
1745	1599
1745	1646
1745	1649
1745	1713
1745	1735
1745	1749
1745	1762
1745	1775
1745	1779
1745	1810
1745	1830
1745	1837
1745	1855
1745	1936
1745	1949
1745	1975
1745	1983
1745	1988
1745	2016
1745	2020
1745	2039
1745	2043
1745	2059
1745	2074
1745	2077
1745	2088
1745	2112
1745	2132
1745	2136
1745	2156
1745	2194
1745	2210
1745	2220
1745	2244
1745	2290
1745	2320
1745	2330
1745	2335
1745	2361
1745	2362
1745	2385
1745	2404
1745	2424
1745	2522
1745	2525
1745	2533
1746	313
1746	628
1746	693
1746	1521
1746	1545
1746	1735
1746	1785
1746	2084
1748	86
1748	326
1749	997
1749	2187
1749	2421
1749	2500
1750	55
1750	246
1750	1984
1752	243
1752	499
1752	1674
1755	778
1758	671
1758	1329
1758	1369
1758	1617
1760	1044
1763	1365
1763	2514
1764	315
1768	2208
1769	1761
1771	2018
1772	973
1775	463
1775	516
1775	1407
1776	322
1776	460
1776	1535
1777	34
1778	508
1781	938
1782	612
1783	2557
1786	130
1786	652
1786	1013
1786	1382
1786	1405
1786	1502
1786	1598
1786	1623
1786	2268
1786	2465
1786	2527
1786	2564
1787	802
1787	1223
1787	1348
1787	1529
1787	1938
1787	2075
1791	143
1791	192
1791	346
1791	545
1791	597
1791	744
1791	911
1791	953
1791	969
1791	1053
1791	1120
1791	1196
1791	1212
1791	1217
1791	1440
1791	1699
1791	1868
1791	1897
1791	2119
1791	2404
1791	2434
1791	2477
1791	2569
1792	70
1792	493
1792	2473
1794	141
1794	2370
1799	132
1799	1500
1799	1698
1799	2178
1799	2383
1802	1751
1803	330
1803	791
1808	2
1811	1644
1811	1685
1813	1073
1813	1164
1814	67
1814	321
1814	836
1814	1095
1817	2003
1821	1541
1822	59
1822	2567
1823	31
1823	119
1823	337
1823	519
1823	604
1823	982
1823	1001
1823	1026
1823	1474
1823	2454
1824	113
1826	520
1826	2025
1827	241
1827	553
1837	89
1837	150
1837	278
1837	305
1837	634
1837	748
1837	849
1837	997
1837	1367
1837	1519
1837	1959
1837	2187
1837	2383
1837	2385
1837	2401
1838	1928
1840	1116
1840	1316
1841	2488
1842	1493
1845	589
1845	1189
1845	1540
1845	2206
1845	2433
1845	2481
1846	429
1846	2509
1847	44
1847	226
1847	491
1847	931
1847	1297
1847	1419
1847	1669
1847	2247
1848	36
1848	456
1849	1244
1853	766
1854	543
1854	2080
1854	2186
1856	2228
1857	2387
1858	377
1858	1530
1859	1451
1860	602
1861	1754
1862	418
1864	1797
1866	1109
1866	1334
1866	1573
1866	2394
1866	2396
1869	53
1869	60
1869	166
1869	239
1869	644
1869	674
1869	802
1869	931
1869	1348
1869	1424
1869	1593
1869	1781
1869	2131
1869	2286
1869	2300
1869	2504
1870	524
1870	2015
1870	2255
1871	1703
1873	2097
1874	987
1874	1078
1875	2003
1875	2532
1876	69
1876	136
1876	318
1878	1639
1879	1652
1880	43
1880	1259
1880	1922
1881	1180
1882	116
1882	343
1882	2363
1886	1214
1887	1092
1887	2057
1890	370
1890	704
1890	1998
1890	2193
1891	981
1893	972
1894	438
1894	450
1894	617
1894	808
1894	1540
1894	1701
1895	586
1896	566
1896	1289
1896	1765
1897	487
1897	969
1897	1091
1897	1152
1897	1201
1897	1753
1897	1834
1897	1843
1897	1917
1897	1921
1897	2019
1897	2288
1897	2434
1898	2216
1899	72
1899	1331
1899	1500
1899	1698
1899	1993
1899	2383
1900	1498
1904	219
1904	645
1907	181
1907	1638
1907	2398
1909	914
1910	1178
1910	1285
1910	1477
1910	1754
1910	1861
1910	2063
1911	344
1911	1038
1912	368
1912	2091
1913	172
1913	277
1913	454
1913	489
1913	622
1913	663
1913	695
1913	942
1913	1008
1913	1171
1913	1181
1913	1186
1913	1187
1913	1232
1913	1290
1913	1475
1913	1602
1913	1653
1913	1660
1913	1796
1913	2076
1913	2217
1913	2275
1913	2375
1914	1627
1914	1964
1917	2286
1919	429
1919	495
1920	633
1921	655
1921	945
1921	1540
1922	474
1922	813
1923	587
1923	1552
1924	50
1924	393
1924	679
1924	831
1924	1656
1924	2414
1926	1784
1926	2047
1927	180
1927	445
1927	472
1927	591
1927	650
1927	746
1927	1075
1927	1648
1927	2011
1927	2035
1927	2393
1931	70
1937	2113
1938	1465
1939	1205
1939	2529
1940	361
1940	2423
1942	9
1943	515
1944	46
1944	424
1944	1586
1944	2071
1945	910
1945	1295
1945	1832
1946	355
1948	1942
1949	366
1949	463
1949	516
1949	613
1949	684
1949	692
1949	773
1949	815
1949	946
1949	1050
1949	1176
1949	1599
1949	1839
1949	2525
1950	134
1951	648
1951	719
1951	942
1952	1108
1952	2512
1953	119
1953	358
1953	1206
1953	1330
1953	1345
1953	1817
1953	2099
1954	377
1954	1331
1955	804
1955	1620
1956	694
1958	1833
1959	406
1959	634
1959	1065
1960	2574
1962	214
1962	424
1962	465
1962	788
1962	813
1962	1720
1963	1213
1963	1819
1963	1926
1963	2047
1965	362
1967	185
1968	2384
1971	707
1973	951
1973	1580
1974	1114
1974	2309
1976	929
1976	1312
1976	2400
1977	1505
1979	2265
1980	318
1980	322
1980	790
1980	793
1980	1220
1980	1781
1980	2155
1985	575
1986	2420
1987	850
1987	1042
1987	1397
1987	1474
1988	186
1988	471
1988	550
1988	675
1988	716
1988	910
1988	1071
1988	1476
1988	2211
1988	2443
1991	204
1992	332
1992	1062
1992	2520
1993	606
1994	358
1994	729
1994	1612
1994	1817
1994	2562
1995	2529
1998	370
1999	2497
2000	1009
2002	589
2004	990
2004	2239
2006	521
2009	1702
2009	2395
2010	575
2010	859
2010	2518
2011	180
2011	1075
2011	1576
2011	1636
2015	2255
2016	1147
2016	1378
2017	802
2017	1938
2019	1438
2019	2477
2022	763
2023	2522
2024	1183
2024	1330
2024	1982
2026	167
2026	831
2026	965
2026	1790
2027	110
2027	1035
2027	2182
2028	1823
2032	1215
2032	1452
2032	1779
2032	1857
2032	2065
2032	2088
2032	2507
2036	631
2036	1125
2036	1564
2036	2090
2036	2111
2037	332
2037	1261
2037	2520
2038	266
2038	494
2038	1935
2038	2185
2040	194
2040	1240
2040	1575
2041	17
2041	354
2041	851
2041	869
2041	1004
2041	1019
2041	1087
2041	1142
2041	1152
2041	1326
2041	1679
2041	2033
2041	2062
2041	2085
2041	2105
2041	2372
2041	2563
2045	205
2045	2349
2048	194
2048	2452
2048	2467
2050	2438
2052	205
2054	688
2057	1250
2058	1456
2059	26
2059	2256
2060	1328
2062	1246
2063	1285
2063	2293
2064	400
2064	930
2064	2395
2065	269
2066	1429
2070	2543
2073	1677
2073	2279
2074	835
2074	975
2074	1762
2076	1475
2077	1280
2078	490
2079	2228
2082	349
2082	842
2082	2085
2083	1255
2084	548
2086	28
2086	1466
2086	1470
2087	640
2087	2190
2088	129
2088	313
2088	1521
2089	1332
2089	2152
2089	2508
2094	97
2094	1462
2094	1714
2095	927
2096	64
2098	117
2098	574
2098	975
2098	1341
2098	1499
2098	1745
2100	115
2100	199
2102	43
2102	678
2104	423
2104	482
2104	662
2104	743
2104	777
2104	990
2104	1229
2104	1447
2104	2028
2104	2441
2108	1755
2110	2514
2112	485
2112	2278
2114	225
2114	420
2114	591
2114	810
2114	1303
2114	2013
2114	2031
2114	2456
2115	1136
2115	1669
2115	2018
2115	2154
2116	1986
2117	395
2118	2336
2119	143
2119	597
2119	744
2120	1662
2122	1826
2122	2099
2122	2456
2125	690
2126	974
2126	1850
2127	391
2128	1286
2129	1203
2130	2140
2131	53
2131	335
2131	1529
2131	1593
2131	1938
2132	462
2133	1831
2135	282
2136	2391
2138	977
2139	302
2139	778
2139	982
2139	1143
2139	1488
2139	1573
2139	1602
2139	1710
2139	1755
2139	1872
2139	2207
2139	2407
2141	759
2143	827
2143	1133
2143	1393
2143	1564
2143	2111
2146	683
2146	1323
2149	910
2150	1059
2151	917
2153	340
2153	831
2155	479
2155	938
2156	1409
2160	423
2160	662
2160	796
2160	1442
2160	2028
2160	2498
2161	1558
2163	316
2163	2252
2169	395
2169	730
2171	125
2171	2246
2172	1190
2172	1266
2172	1633
2173	582
2173	751
2173	1381
2174	1253
2176	2348
2180	2159
2181	1797
2181	2463
2184	2232
2184	2392
2185	266
2185	1935
2187	634
2187	748
2188	89
2188	1749
2188	2401
2190	73
2194	473
2196	1905
2199	641
2199	2503
2200	1047
2201	1534
2202	1587
2202	2013
2203	451
2206	1224
2208	1387
2211	177
2213	239
2214	680
2214	874
2214	1339
2214	1385
2214	1690
2215	667
2215	1312
2215	2400
2217	2093
2218	1534
2221	1788
2223	2068
2224	2571
2226	375
2226	932
2226	1216
2226	1659
2226	2081
2226	2183
2227	19
2227	618
2227	1466
2227	1470
2227	2086
2228	1728
2230	110
2231	1401
2232	1383
2233	2304
2234	536
2234	1226
2235	638
2236	2058
2238	812
2241	646
2242	1213
2242	1249
2242	2432
2243	568
2243	1919
2243	2279
2244	556
2245	10
2245	243
2245	312
2245	393
2245	1459
2246	125
2246	1418
2246	1594
2249	1483
2250	202
2251	659
2255	2015
2260	1816
2261	1627
2261	1964
2262	288
2262	334
2263	1068
2263	1219
2264	2410
2266	128
2266	151
2266	972
2266	1514
2267	360
2267	391
2267	1984
2268	130
2268	180
2268	205
2268	869
2268	1075
2268	1382
2268	1405
2268	1856
2268	2041
2268	2269
2268	2319
2268	2338
2268	2564
2271	815
2273	644
2273	1593
2273	1869
2273	2075
2274	1836
2276	209
2276	1942
2277	1065
2277	1820
2280	944
2280	1033
2281	873
2284	452
2284	1100
2287	650
2288	1152
2288	1721
2288	2033
2289	222
2289	1166
2289	1559
2289	1761
2289	2099
2290	1395
2290	2210
2291	508
2291	1778
2291	1844
2291	2224
2292	1122
2292	1592
2294	161
2294	329
2294	382
2294	713
2294	1216
2294	2056
2294	2081
2297	403
2297	871
2298	302
2298	668
2298	2123
2298	2177
2299	296
2301	936
2301	2025
2306	833
2306	2126
2307	1007
2307	2103
2309	1114
2310	633
2310	754
2310	1920
2310	2438
2310	2534
2311	606
2311	1544
2311	1835
2312	1056
2313	756
2313	1169
2314	749
2314	935
2316	326
2316	2295
2316	2413
2317	1120
2317	1163
2318	2214
2324	470
2324	2012
2325	2482
2327	249
2329	16
2329	191
2329	384
2329	1073
2329	1867
2330	256
2330	272
2330	605
2330	948
2330	1691
2330	1719
2330	2225
2334	935
2334	1768
2334	2208
2336	152
2339	818
2340	467
2340	620
2340	867
2340	1255
2340	1401
2340	1477
2340	1667
2340	1676
2340	2078
2340	2083
2340	2231
2345	375
2345	1659
2346	941
2346	1129
2347	544
2347	2342
2350	2080
2350	2186
2351	378
2351	1790
2353	3
2353	300
2353	544
2353	855
2353	1305
2353	1335
2353	1392
2353	1568
2353	2281
2353	2546
2355	799
2357	267
2358	515
2358	630
2358	1780
2358	2470
2359	1369
2359	1831
2360	383
2361	26
2361	241
2361	574
2361	835
2361	885
2361	1123
2361	1468
2361	1723
2361	2039
2361	2059
2361	2256
2361	2544
2363	893
2365	45
2367	2347
2368	671
2368	1219
2369	577
2369	1861
2369	2396
2371	700
2371	1115
2371	2052
2371	2465
2373	2509
2374	749
2378	136
2378	298
2378	1342
2378	1359
2378	1825
2378	1876
2382	2026
2382	2077
2383	806
2383	1282
2383	1500
2383	1646
2387	161
2388	1703
2388	2200
2389	1276
2390	364
2392	1383
2392	1421
2392	1591
2392	2232
2396	711
2396	1185
2396	1334
2396	2101
2401	2187
2402	780
2403	819
2403	1629
2404	2209
2405	751
2405	2323
2408	1323
2412	2105
2415	774
2416	1562
2418	1616
2419	762
2419	822
2419	1450
2424	1050
2424	1526
2424	1637
2425	349
2425	895
2425	1340
2425	1666
2426	1375
2427	156
2427	312
2427	2127
2427	2245
2428	2283
2429	79
2429	1268
2429	1504
2429	1854
2429	2051
2430	903
2430	1727
2430	1863
2433	64
2433	1763
2434	804
2434	1232
2434	2288
2435	941
2436	348
2436	2487
2436	2569
2441	220
2441	638
2441	1286
2443	1628
2443	1682
2443	2211
2445	712
2445	753
2446	408
2446	1141
2446	1406
2448	722
2448	2212
2452	135
2452	510
2453	339
2455	8
2457	344
2458	1608
2459	26
2459	177
2459	1698
2459	2211
2459	2256
2459	2272
2459	2383
2459	2385
2461	2021
2462	1185
2462	1251
2465	134
2466	259
2466	359
2466	531
2466	2071
2466	2202
2468	645
2468	723
2468	1541
2468	1821
2469	1374
2472	1234
2472	1307
2474	1552
2474	1923
2474	2134
2475	1133
2477	1533
2478	1774
2478	2044
2479	19
2479	76
2479	88
2479	420
2479	428
2479	558
2479	619
2479	710
2479	1053
2479	1173
2479	1217
2479	1308
2479	1375
2479	1399
2479	1533
2479	1631
2479	1636
2479	1650
2479	1683
2479	1934
2479	2243
2479	2263
2479	2377
2479	2471
2479	2546
2480	40
2481	2483
2482	2508
2484	30
2484	850
2484	1040
2484	1474
2484	1627
2484	1914
2487	249
2487	2380
2490	49
2490	286
2490	309
2490	725
2491	148
2491	1400
2491	1538
2491	1644
2491	2548
2492	1000
2492	1060
2494	1850
2494	2379
2496	2072
2499	1603
2501	1754
2501	2303
2502	1066
2504	60
2505	1263
2507	2065
2510	881
2511	272
2511	708
2511	917
2511	1443
2511	1449
2511	2118
2511	2151
2512	2102
2513	289
2513	388
2513	425
2513	1897
2513	2552
2514	1224
2515	24
2515	247
2515	365
2515	1313
2515	1570
2515	2109
2516	2164
2521	2265
2523	1244
2523	2372
2526	401
2527	2228
2527	2268
2529	643
2529	1995
2530	1129
2530	2166
2532	2003
2533	282
2533	865
2533	889
2533	1857
2533	2135
2533	2137
2533	2294
2536	827
2536	1736
2537	2222
2540	1332
2540	2152
2541	1532
2544	91
2544	186
2544	329
2544	1023
2544	1352
2544	1434
2544	1630
2544	1708
2544	1723
2544	2314
2545	149
2545	620
2545	1236
2547	191
2547	256
2547	1380
2547	2202
2547	2329
2547	2358
2549	894
2549	2229
2550	404
2553	46
2554	417
2557	144
2557	328
2557	1614
2558	1903
2561	593
2561	1558
2561	2161
2562	358
2562	729
2562	1612
2562	1918
2562	2093
2563	784
2563	2376
2565	69
2565	497
2567	59
2568	29
2568	509
2570	477
2570	2204
2570	2369
2572	578
2572	665
2573	9
2574	1321
2574	1814
2575	474
2575	1025
