0	1008
1	208
1	218
1	1044
3	906
4	1053
5	1263
12	637
13	905
13	1002
15	387
15	889
16	1246
18	1172
22	457
23	727
27	1271
29	572
30	623
32	722
33	119
34	1100
35	442
35	755
41	90
42	620
43	12
43	83
43	344
43	389
43	1050
43	1216
50	408
52	945
53	1017
54	681
58	371
59	701
60	100
61	902
62	37
62	553
63	789
66	440
74	19
74	118
74	266
74	427
74	495
74	1050
76	24
77	8
77	357
77	1114
80	992
80	1089
81	75
85	1061
87	1051
88	539
92	1048
93	847
93	891
98	111
98	582
99	1165
102	508
103	800
104	222
104	607
105	473
108	1215
109	475
109	697
109	924
110	20
110	730
110	750
110	895
110	987
113	351
113	390
116	190
117	130
118	403
120	1003
122	435
122	449
124	657
131	24
132	174
134	10
135	25
138	468
139	1101
141	363
145	498
145	929
147	275
149	882
153	45
153	400
154	789
155	502
158	430
159	1146
162	198
162	227
163	575
167	1261
168	1221
171	276
171	277
172	286
173	71
173	655
175	562
176	1043
178	165
178	240
178	484
178	1035
178	1252
180	1058
181	1154
183	1001
186	237
187	927
187	1143
193	100
194	489
198	121
199	361
199	503
199	621
199	768
201	39
201	1193
203	142
207	284
208	994
209	89
209	931
210	329
210	791
214	282
214	306
215	218
215	497
219	146
221	376
222	188
223	89
223	95
223	164
223	204
223	274
223	313
223	461
223	531
223	532
223	626
223	667
223	711
223	854
223	915
223	1015
223	1049
223	1103
223	1187
223	1217
223	1275
226	867
228	510
229	333
230	678
230	960
231	106
231	383
231	726
231	832
233	1052
234	592
235	266
235	766
235	1230
238	739
238	1177
240	527
243	787
244	597
246	250
247	1097
249	1229
251	821
252	222
253	241
255	754
257	993
259	813
261	603
261	726
262	157
262	256
267	391
269	439
269	984
272	26
272	355
274	649
279	753
283	285
289	57
290	751
291	1139
292	1051
295	205
299	345
299	662
300	166
301	354
303	925
305	2
305	11
305	231
305	402
305	932
305	1018
307	1164
311	209
312	1196
313	1119
314	217
314	766
317	432
317	979
318	1252
320	360
323	617
324	69
324	282
325	140
328	590
329	1161
330	1239
332	129
334	844
336	590
338	278
340	196
341	1127
345	19
346	72
349	256
350	393
350	474
352	942
353	7
356	958
358	1245
359	962
363	631
364	123
367	651
370	331
372	858
373	14
373	281
375	160
378	348
379	268
379	965
381	1085
382	1156
384	986
386	309
388	42
388	1121
395	1248
396	71
397	31
397	38
397	107
397	461
397	470
397	526
397	632
397	705
397	829
397	1030
399	1231
400	153
401	517
401	602
406	826
409	523
410	706
411	892
413	335
416	661
419	1200
421	525
422	151
425	669
425	930
428	1042
433	362
436	1274
437	596
441	753
444	775
446	310
448	438
450	40
453	327
455	568
456	1265
457	676
459	778
459	852
461	632
463	248
463	918
464	794
466	773
467	73
469	266
469	403
469	1050
476	689
477	883
478	424
481	95
481	526
481	591
481	740
481	787
481	1049
484	468
484	884
485	1149
490	143
491	1186
492	331
492	412
492	805
493	524
495	513
496	717
499	367
501	634
503	423
505	659
506	220
506	613
511	6
511	184
511	967
512	946
513	266
513	403
513	1050
514	366
519	128
520	1031
521	501
521	948
522	94
525	694
527	850
528	418
528	953
529	1070
530	1109
533	377
534	47
534	144
534	432
534	839
536	822
538	931
540	627
541	315
541	595
541	864
541	936
542	114
542	670
543	82
544	601
546	404
547	162
547	1032
548	951
551	806
551	825
552	847
554	1272
555	21
555	91
555	958
558	24
559	1133
560	777
562	126
563	213
564	899
566	730
567	6
569	150
570	923
571	780
572	343
572	1062
573	894
578	482
579	206
580	1106
581	809
583	270
584	803
585	1082
586	1029
587	971
588	823
590	942
590	1084
593	733
594	260
598	1234
599	545
599	864
599	1213
600	86
603	46
604	1133
605	182
609	265
610	989
614	147
615	816
616	136
616	479
616	716
619	451
621	263
621	756
622	783
624	738
625	471
628	9
628	193
628	644
628	1044
629	795
630	242
635	574
636	315
637	70
638	156
639	218
639	884
640	369
640	939
642	724
643	37
643	575
645	576
646	296
648	829
648	925
648	1025
650	1000
652	906
653	78
653	112
653	347
653	465
653	540
653	731
653	756
653	954
653	972
653	1033
653	1065
653	1112
653	1173
654	264
654	452
656	761
660	148
660	683
660	868
664	169
664	245
665	844
666	703
668	96
669	638
669	704
672	224
672	757
673	658
674	447
675	1094
676	298
677	49
677	1169
679	508
679	782
680	258
682	190
684	472
687	529
687	869
688	207
688	545
691	1166
692	647
692	959
693	589
693	1175
695	1205
697	686
698	1192
699	170
699	239
699	611
700	127
704	156
707	152
709	523
709	702
709	1142
710	633
713	51
714	341
714	888
715	191
718	123
720	941
721	932
722	577
722	719
722	1130
723	877
725	663
726	17
728	1223
731	189
731	800
732	339
734	603
737	504
738	598
742	456
742	1265
743	769
744	494
745	341
747	368
752	438
759	898
762	296
762	319
763	421
766	1148
767	827
768	488
770	764
771	798
772	1259
774	1254
776	487
779	302
781	981
784	125
785	741
786	1087
788	431
788	1249
790	645
796	1095
799	216
801	1021
804	1103
807	556
807	621
808	405
811	908
812	449
814	690
815	1037
817	686
818	483
819	641
820	429
820	840
824	161
825	938
825	1186
828	1090
830	802
834	1214
835	344
836	1253
837	671
841	642
842	839
845	218
845	236
845	277
845	333
845	708
846	458
848	552
849	308
851	535
852	673
855	1190
856	557
859	831
860	325
863	171
863	965
865	42
865	1231
866	916
869	84
869	1180
870	1047
871	222
871	1125
872	561
873	491
874	232
876	685
878	1220
880	1118
881	398
883	758
885	79
885	977
886	244
886	380
887	792
889	1157
893	1260
896	942
897	491
899	242
899	268
900	1238
903	843
904	673
907	961
909	815
910	733
910	901
911	197
911	1080
914	384
917	983
918	407
920	1023
926	1204
927	417
931	89
933	963
934	67
935	97
937	405
937	792
940	254
941	1093
943	374
943	462
943	507
943	1169
944	298
946	1168
947	1179
949	1129
950	838
952	195
955	225
956	875
957	1060
960	1265
964	387
964	392
964	480
964	787
964	919
965	304
966	666
966	1052
968	9
968	1027
970	344
971	454
973	293
973	1251
974	879
975	1262
976	2
976	833
978	1237
980	748
985	115
985	142
985	195
985	862
985	952
985	1151
988	103
988	322
988	612
990	1276
991	825
991	853
996	342
996	1195
997	385
998	1233
1002	491
1004	1083
1004	1095
1004	1259
1005	736
1006	1085
1007	928
1009	291
1009	1139
1010	445
1011	645
1012	1091
1013	862
1014	297
1016	696
1019	565
1020	304
1022	415
1022	820
1024	995
1026	101
1028	177
1028	592
1034	1218
1035	111
1035	218
1035	639
1035	862
1036	46
1039	861
1040	1164
1041	372
1041	668
1041	1265
1044	921
1045	436
1046	133
1054	394
1054	1006
1054	1104
1054	1105
1055	357
1057	443
1059	179
1063	1259
1064	185
1066	337
1068	717
1069	627
1071	500
1072	137
1073	1069
1074	460
1077	1216
1079	1102
1081	741
1086	28
1086	434
1092	117
1094	1166
1096	414
1098	516
1101	1076
1101	1225
1107	414
1107	537
1107	1058
1110	280
1111	797
1114	549
1115	65
1115	1075
1115	1108
1116	1197
1117	200
1119	55
1120	222
1122	1001
1123	417
1124	211
1125	177
1125	919
1126	509
1128	135
1128	1166
1131	754
1132	486
1134	341
1135	1038
1136	1260
1137	1206
1138	606
1138	810
1140	271
1142	702
1144	294
1145	255
1147	749
1150	296
1150	319
1152	760
1153	273
1155	48
1158	890
1160	969
1162	399
1162	620
1163	964
1167	746
1167	982
1170	1125
1174	1067
1176	1159
1178	4
1178	441
1181	515
1181	1029
1182	600
1182	783
1184	735
1185	1042
1185	1215
1188	1007
1189	83
1191	114
1194	712
1194	912
1198	313
1199	913
1199	1128
1200	36
1200	192
1200	326
1200	719
1200	857
1201	265
1202	608
1203	462
1207	420
1208	1171
1209	1141
1210	426
1210	1215
1211	321
1212	1078
1214	454
1214	518
1219	793
1221	1088
1222	115
1224	288
1224	630
1225	575
1226	1241
1227	42
1228	64
1228	649
1230	194
1230	472
1235	212
1236	870
1238	1232
1240	316
1240	641
1242	999
1243	1056
1243	1113
1244	44
1247	942
1250	365
1255	202
1256	43
1256	56
1256	107
1256	470
1256	804
1256	1183
1257	1115
1258	618
1264	287
1266	922
1267	729
1268	51
1268	68
1268	242
1268	344
1269	550
1269	1046
1270	1099
1273	765
