0	297
0	472
0	482
0	873
4	202
5	200
6	1144
7	1077
9	292
14	648
16	1089
18	300
18	490
20	125
20	130
21	539
22	473
22	542
24	1161
24	1184
25	728
26	1003
27	261
28	869
30	120
34	48
35	409
36	400
40	1093
41	102
41	1042
47	225
47	454
49	672
51	237
53	968
53	1230
55	395
56	270
57	678
58	158
59	1008
61	128
62	822
63	240
63	333
63	451
63	526
63	965
63	1123
63	1156
64	81
64	853
64	961
64	1127
68	38
69	865
73	678
74	563
74	781
74	1162
76	791
77	867
79	366
82	1101
84	1184
85	362
85	449
88	80
90	488
90	632
91	1267
95	579
96	1067
97	319
99	705
99	1082
104	802
105	569
105	818
108	1034
109	544
109	1068
110	15
112	806
117	925
119	321
119	559
122	1069
123	649
123	983
124	1016
133	574
138	1149
139	1013
140	625
141	318
142	1137
143	684
144	114
147	1143
148	252
151	1039
152	498
152	1154
152	1191
152	1266
153	804
155	181
159	1087
160	732
163	404
164	708
165	420
166	669
168	146
170	92
171	0
171	110
171	903
171	936
171	1050
171	1264
172	621
172	765
173	773
175	756
177	1038
179	282
179	494
181	176
181	1041
183	519
185	765
186	778
189	1260
190	957
191	932
191	1066
192	167
193	478
194	747
197	520
198	720
198	916
199	217
199	264
199	1066
201	1163
202	335
202	1070
202	1112
205	70
209	418
211	267
215	875
218	581
218	1260
219	17
219	22
219	65
219	103
219	379
219	422
219	464
219	528
219	635
219	752
219	778
219	805
219	886
219	906
219	1042
219	1068
219	1108
219	1116
219	1264
219	1271
222	37
223	508
223	911
223	1033
224	1129
226	1068
226	1213
227	363
228	1255
231	23
231	1192
233	1097
234	527
235	374
236	1095
241	216
244	677
245	1248
246	89
246	106
248	1188
251	846
254	1171
255	4
255	60
256	571
257	606
259	703
259	786
259	986
259	1002
260	652
262	253
265	481
266	764
269	1237
274	712
275	1020
277	126
279	169
279	1261
281	978
281	1028
283	137
283	1109
285	718
286	187
287	742
289	930
291	464
293	19
294	1076
295	1114
296	1173
297	116
298	1197
299	190
299	769
299	1178
302	102
302	535
302	1116
303	699
305	1024
305	1143
307	1165
308	1048
309	88
309	323
309	1164
309	1193
310	44
312	12
312	378
312	861
312	999
312	1035
312	1210
313	33
313	224
313	632
313	710
314	609
315	268
316	1237
317	1026
320	352
322	700
329	814
332	739
334	328
337	764
338	52
338	875
340	590
341	11
341	1238
343	1076
345	1112
347	476
349	157
350	446
353	636
354	67
356	715
357	610
358	1024
359	373
360	1122
364	1190
365	221
367	767
368	77
368	380
369	1065
371	403
376	839
382	423
383	249
385	426
389	213
389	894
390	384
390	440
390	505
390	542
390	778
390	1155
391	490
393	431
395	72
406	1160
407	1237
408	1011
408	1113
409	71
410	247
410	375
410	857
410	918
411	232
411	1018
413	928
415	917
417	50
421	90
421	402
424	423
424	1023
428	585
428	657
434	965
435	510
436	335
439	327
441	600
441	1107
442	229
444	355
444	952
448	1081
453	331
458	580
460	127
460	238
462	676
465	901
466	243
467	826
468	679
469	459
469	1224
471	568
475	60
475	335
476	834
477	795
479	854
483	174
483	496
483	653
483	780
483	886
484	149
484	1027
485	31
485	492
486	887
487	622
489	343
491	396
493	470
494	1103
495	542
497	395
499	1206
500	344
501	773
503	1055
506	530
509	508
511	771
511	784
512	1054
514	208
515	1251
518	665
521	1055
522	813
524	1127
529	1109
531	339
532	970
534	161
536	738
538	1151
540	982
541	346
541	798
541	1120
545	83
545	736
547	947
548	78
548	857
548	1139
549	57
550	288
551	716
553	881
555	587
556	775
558	825
560	445
561	818
562	537
564	543
565	427
570	203
575	1101
576	689
581	243
581	507
584	925
587	983
587	1003
589	273
594	895
595	480
596	210
598	984
599	456
601	664
601	1189
602	666
602	967
603	474
604	330
605	10
612	90
612	654
612	1127
613	638
614	134
616	626
618	306
621	591
621	765
621	786
623	132
624	644
626	429
627	790
628	868
629	557
630	338
630	392
630	482
630	853
631	370
632	71
633	582
634	813
637	713
638	457
640	753
642	705
643	162
643	348
643	436
643	906
643	1053
643	1212
647	706
647	1255
647	1256
650	738
651	9
651	83
651	103
651	154
651	335
651	464
651	790
651	912
651	948
651	1155
651	1271
654	815
655	26
655	30
655	278
655	397
655	412
655	452
655	645
655	656
655	926
655	938
655	962
655	982
655	1061
655	1141
655	1142
655	1154
655	1179
655	1220
655	1238
658	537
659	94
660	921
661	102
662	1029
668	237
669	156
670	619
671	788
673	707
674	609
675	803
680	9
680	102
681	150
685	1040
686	592
687	29
687	207
688	367
691	108
691	595
691	1034
693	998
694	336
694	906
694	908
694	1196
695	94
695	284
696	516
701	1101
702	1018
704	271
706	145
709	883
711	1208
714	987
717	431
719	1145
721	646
721	833
723	759
723	872
723	993
724	188
724	386
725	433
725	463
725	537
727	180
729	830
730	978
731	720
731	855
734	984
735	1243
737	358
739	471
740	13
741	831
741	994
743	469
744	276
749	878
750	214
754	316
755	554
757	1086
758	1066
761	182
762	946
762	1092
763	31
763	1094
768	206
770	1177
772	75
773	173
774	682
774	1135
776	717
779	615
779	827
779	1233
782	794
783	1229
785	131
787	401
787	525
789	504
792	414
794	577
796	1269
797	793
799	325
800	697
804	1099
805	9
805	535
805	901
808	629
809	450
810	905
810	979
812	182
817	372
817	667
821	351
823	114
824	297
825	39
828	111
829	478
833	361
833	430
835	301
837	1014
838	1013
840	46
840	1253
841	203
842	751
844	443
845	1129
847	461
848	422
849	611
852	376
852	1205
856	326
857	311
858	853
859	896
860	760
860	1136
863	1098
864	135
866	1044
870	443
873	212
874	523
876	856
876	1127
877	419
884	1150
885	32
885	253
888	597
888	1187
889	254
889	607
889	667
891	335
891	482
892	951
893	1223
897	698
898	1135
899	951
902	1208
903	736
906	102
906	1264
907	853
911	1098
912	432
913	43
913	756
914	851
915	259
916	482
920	45
923	850
923	1159
924	348
924	440
926	934
927	964
929	608
931	1043
935	1126
936	153
936	910
937	115
939	1100
940	880
941	1241
942	381
942	438
944	508
948	65
948	86
948	154
948	440
949	748
950	832
953	1001
954	52
954	136
954	1112
955	388
956	1
958	220
959	455
960	620
960	1240
963	1076
964	8
964	405
966	683
969	290
971	1259
972	977
973	3
974	54
974	722
975	1051
980	1258
981	204
981	791
981	909
985	101
989	42
990	807
991	324
992	1056
995	898
997	1262
1000	963
1004	1199
1005	777
1006	909
1007	261
1007	319
1008	490
1010	184
1012	879
1015	686
1021	1219
1025	1272
1030	617
1031	132
1032	976
1035	919
1035	1195
1036	922
1036	1091
1037	862
1038	1173
1042	733
1045	2
1046	472
1046	567
1046	583
1046	720
1046	745
1046	996
1047	1001
1049	195
1052	239
1057	1050
1058	60
1058	114
1058	364
1058	778
1058	1155
1059	1083
1060	153
1060	1024
1062	100
1063	463
1063	537
1064	1073
1071	593
1072	375
1072	416
1074	816
1075	267
1075	1128
1078	250
1079	121
1080	437
1084	261
1085	12
1088	1115
1089	692
1090	988
1094	639
1096	107
1102	478
1102	1195
1104	196
1105	843
1106	478
1111	1247
1117	1009
1118	504
1119	147
1120	819
1121	350
1121	529
1124	1157
1125	871
1128	546
1131	66
1132	778
1134	93
1134	677
1138	348
1139	534
1140	425
1146	882
1146	965
1147	44
1147	578
1148	304
1152	87
1153	398
1154	573
1154	664
1154	769
1158	1262
1162	118
1165	945
1166	820
1168	836
1168	1182
1169	330
1170	490
1172	1042
1173	588
1174	113
1175	890
1176	705
1176	1082
1178	129
1180	230
1181	1126
1183	98
1186	75
1186	1133
1191	1110
1194	399
1198	900
1198	1167
1200	35
1200	178
1200	566
1200	632
1201	1130
1202	80
1202	811
1203	240
1203	726
1204	387
1205	263
1205	272
1205	572
1207	502
1209	7
1209	533
1211	237
1214	1019
1215	801
1216	943
1217	933
1218	394
1218	517
1218	1017
1218	1132
1221	342
1222	959
1225	281
1226	901
1227	594
1228	297
1228	736
1228	820
1231	465
1231	513
1231	552
1231	641
1232	1027
1233	615
1233	984
1234	875
1235	242
1236	377
1239	766
1239	1036
1239	1185
1242	280
1242	722
1244	663
1245	421
1246	586
1250	713
1252	258
1252	395
1252	513
1252	661
1252	690
1252	1022
1252	1213
1252	1249
1254	447
1255	1156
1257	904
1263	200
1265	746
1268	632
1270	459
