0	5
1	0
2	2
3	4
4	0
5	5
6	1
7	0
8	2
9	1
10	1
11	0
12	0
13	0
14	1
15	0
16	2
17	0
18	1
19	1
20	2
21	0
22	5
23	4
24	0
25	1
26	4
27	5
28	2
29	2
30	2
31	1
32	3
33	5
34	5
35	0
36	5
37	3
38	1
39	4
40	5
41	1
42	1
43	4
44	3
45	0
46	4
47	1
48	2
49	5
50	1
51	0
52	4
53	2
54	2
55	0
56	2
57	0
58	4
59	2
60	1
61	5
62	0
63	2
64	1
65	1
66	2
67	2
68	0
69	1
70	1
71	5
72	0
73	4
74	0
75	5
76	3
77	3
78	2
79	2
80	2
81	2
82	1
83	0
84	0
85	4
86	4
87	0
88	2
89	5
90	5
91	0
92	2
93	5
94	2
95	2
96	1
97	2
98	0
99	4
100	3
101	4
102	0
103	1
104	1
105	1
106	3
107	0
108	0
109	4
110	2
111	0
112	0
113	1
114	5
115	2
116	4
117	1
118	1
119	2
120	3
121	4
122	2
123	2
124	5
125	2
126	1
127	2
128	0
129	0
130	1
131	5
132	0
133	2
134	1
135	5
136	1
137	1
138	4
139	0
140	1
141	2
142	2
143	0
144	2
145	5
146	4
147	2
148	1
149	2
150	4
151	0
152	1
153	4
154	3
155	2
156	5
157	1
158	5
159	2
160	2
161	0
162	1
163	4
164	4
165	0
166	3
167	2
168	1
169	2
170	3
171	5
172	1
173	5
174	0
175	1
176	1
177	4
178	4
179	0
180	2
181	0
182	4
183	4
184	4
185	1
186	3
187	0
188	4
189	5
190	4
191	5
192	1
193	5
194	2
195	0
196	1
197	4
198	1
199	2
200	0
201	1
202	2
203	2
204	4
205	2
206	3
207	2
208	5
209	1
210	0
211	0
212	2
213	0
214	0
215	4
216	2
217	0
218	4
219	1
220	2
221	4
222	1
223	2
224	3
225	0
226	5
227	4
228	5
229	1
230	2
231	3
232	4
233	5
234	4
235	2
236	5
237	4
238	1
239	5
240	5
241	2
242	3
243	1
244	2
245	3
246	5
247	1
248	5
249	1
250	3
251	1
252	5
253	0
254	1
255	5
256	0
257	1
258	0
259	5
260	2
261	3
262	3
263	2
264	2
265	1
266	5
267	2
268	2
269	3
270	0
271	4
272	2
273	5
274	2
275	1
276	4
277	2
278	0
279	0
280	1
281	2
282	1
283	4
284	2
285	1
286	0
287	2
288	0
289	1
290	1
291	2
292	1
293	5
294	4
295	2
296	2
297	2
298	0
299	1
300	5
301	2
302	4
303	5
304	3
305	0
306	4
307	1
308	2
309	5
310	0
311	0
312	0
313	5
314	3
315	0
316	3
317	4
318	2
319	1
320	5
321	3
322	4
323	0
324	4
325	2
326	0
327	3
328	0
329	2
330	1
331	5
332	4
333	3
334	1
335	4
336	2
337	2
338	2
339	5
340	2
341	1
342	1
343	1
344	4
345	2
346	0
347	4
348	5
349	4
350	2
351	5
352	2
353	3
354	0
355	5
356	1
357	4
358	0
359	1
360	1
361	5
362	5
363	0
364	0
365	0
366	2
367	3
368	4
369	3
370	1
371	0
372	5
373	2
374	2
375	4
376	2
377	2
378	4
379	4
380	0
381	0
382	0
383	2
384	1
385	2
386	1
387	0
388	5
389	5
390	4
391	1
392	0
393	5
394	5
395	4
396	3
397	2
398	1
399	4
400	0
401	2
402	0
403	2
404	4
405	1
406	4
407	2
408	2
409	0
410	1
411	1
412	1
413	5
414	4
415	0
416	2
417	4
418	2
419	2
420	1
421	4
422	2
423	4
424	4
425	2
426	2
427	5
428	4
429	5
430	0
431	0
432	5
433	5
434	2
435	0
436	5
437	0
438	2
439	4
440	2
441	5
442	5
443	4
444	4
445	3
446	0
447	2
448	2
449	5
450	3
451	3
452	4
453	0
454	3
455	2
456	2
457	5
458	1
459	1
460	0
461	3
462	1
463	1
464	3
465	5
466	1
467	4
468	5
469	2
470	2
471	1
472	5
473	5
474	1
475	0
476	0
477	5
478	5
479	2
480	2
481	1
482	0
483	2
484	4
485	2
486	3
487	0
488	1
489	4
490	2
491	0
492	0
493	2
494	2
495	4
496	5
497	1
498	1
499	4
500	4
501	0
502	1
503	5
504	4
505	4
506	3
507	2
508	2
509	3
510	5
511	5
512	3
513	0
514	4
515	0
516	1
517	4
518	1
519	2
520	1
521	5
522	1
523	3
524	4
525	1
526	1
527	3
528	5
529	0
530	2
531	2
532	1
533	2
534	2
535	1
536	2
537	1
538	0
539	0
540	2
541	0
542	2
543	5
544	2
545	2
546	1
547	1
548	5
549	1
550	0
551	2
552	2
553	2
554	0
555	1
556	5
557	4
558	2
559	4
560	4
561	0
562	4
563	0
564	0
565	2
566	4
567	0
568	2
569	1
570	1
571	2
572	5
573	2
574	4
575	5
576	4
577	5
578	5
579	4
580	5
581	0
582	4
583	3
584	5
585	5
586	0
587	0
588	3
589	1
590	3
591	4
592	2
593	3
594	3
595	2
596	4
597	0
598	2
599	1
600	4
601	5
602	0
603	2
604	1
605	2
606	2
607	4
608	3
609	5
610	0
611	5
612	4
613	1
614	1
615	5
616	0
617	5
618	2
619	0
620	5
621	4
622	0
623	4
624	2
625	0
626	2
627	2
628	2
629	4
630	2
631	0
632	3
633	1
634	2
635	1
636	2
637	5
638	4
639	5
640	1
641	5
642	1
643	0
644	5
645	1
646	3
647	1
648	1
649	0
650	1
651	4
652	1
653	4
654	2
655	0
656	4
657	5
658	0
659	0
660	1
661	0
662	3
663	2
664	0
665	5
666	1
667	4
668	0
669	2
670	4
671	4
672	0
673	1
674	4
675	5
676	5
677	1
678	2
679	3
680	1
681	2
682	2
683	4
684	2
685	2
686	4
687	0
688	1
689	4
690	0
691	2
692	2
693	0
694	1
695	0
696	5
697	3
698	5
699	2
700	3
701	5
702	2
703	5
704	3
705	1
706	2
707	4
708	2
709	5
710	2
711	2
712	1
713	0
714	3
715	0
716	5
717	1
718	1
719	5
720	0
721	1
722	0
723	5
724	3
725	2
726	0
727	5
728	4
729	2
730	2
731	0
732	2
733	1
734	4
735	2
736	5
737	4
738	5
739	5
740	4
741	1
742	1
743	5
744	1
745	2
746	2
747	1
748	5
749	3
750	4
751	2
752	4
753	0
754	2
755	3
756	5
757	1
758	5
759	4
760	4
761	3
762	4
763	5
764	3
765	0
766	1
767	1
768	1
769	1
770	2
771	5
772	4
773	5
774	5
775	1
776	5
777	0
778	0
779	1
780	2
781	3
782	3
783	1
784	1
785	2
786	1
787	5
788	5
789	5
790	2
791	3
792	5
793	4
794	0
795	4
796	1
797	4
798	5
799	0
800	4
801	4
802	1
803	4
804	4
805	1
806	2
807	1
808	0
809	3
810	0
811	4
812	2
813	2
814	2
815	4
816	2
817	5
818	3
819	0
820	4
821	2
822	5
823	0
824	2
825	1
826	5
827	2
828	0
829	5
830	4
831	2
832	4
833	0
834	0
835	1
836	4
837	5
838	5
839	5
840	2
841	2
842	4
843	1
844	2
845	4
846	4
847	1
848	5
849	3
850	0
851	4
852	4
853	1
854	0
855	1
856	4
857	1
858	2
859	5
860	2
861	5
862	1
863	5
864	4
865	4
866	4
867	0
868	5
869	0
870	1
871	0
872	0
873	1
874	5
875	4
876	1
877	5
878	0
879	1
880	2
881	4
882	2
883	0
884	1
885	3
886	4
887	2
888	4
889	4
890	2
891	2
892	5
893	5
894	0
895	0
896	0
897	5
898	0
899	1
900	2
901	2
902	0
903	5
904	0
905	0
906	0
907	0
908	5
909	5
910	2
911	2
912	1
913	2
914	5
915	1
916	1
917	0
918	1
919	1
920	2
921	0
922	0
923	5
924	1
925	2
926	2
927	4
928	5
929	4
930	3
931	0
932	5
933	2
934	0
935	5
936	2
937	3
938	1
939	4
940	3
941	4
942	1
943	4
944	1
945	4
946	4
947	1
948	4
949	2
950	2
951	2
952	2
953	5
954	2
955	5
956	5
957	5
958	2
959	5
960	4
961	0
962	4
963	0
964	5
965	1
966	5
967	2
968	1
969	1
970	0
971	2
972	3
973	0
974	2
975	1
976	5
977	0
978	2
979	4
980	5
981	0
982	3
983	1
984	4
985	1
986	5
987	0
988	4
989	4
990	5
991	1
992	1
993	5
994	3
995	1
996	1
997	5
998	5
999	2
1000	0
1001	0
1002	4
1003	0
1004	1
1005	5
1006	1
1007	4
1008	4
1009	2
1010	5
1011	0
1012	2
1013	1
1014	5
1015	2
1016	4
1017	0
1018	1
1019	5
1020	3
1021	1
1022	1
1023	5
1024	1
1025	1
1026	1
1027	5
1028	0
1029	2
1030	4
1031	4
1032	1
1033	4
1034	1
1035	0
1036	2
1037	4
1038	4
1039	2
1040	1
1041	2
1042	5
1043	2
1044	2
1045	5
1046	5
1047	0
1048	0
1049	4
1050	0
1051	1
1052	1
1053	1
1054	3
1055	5
1056	2
1057	2
1058	4
1059	5
1060	0
1061	0
1062	5
1063	2
1064	0
1065	1
1066	4
1067	0
1068	2
1069	1
1070	3
1071	1
1072	1
1073	4
1074	5
1075	4
1076	5
1077	5
1078	5
1079	1
1080	4
1081	5
1082	3
1083	5
1084	5
1085	1
1086	5
1087	1
1088	5
1089	1
1090	5
1091	1
1092	1
1093	1
1094	4
1095	2
1096	1
1097	5
1098	0
1099	5
1100	5
1101	4
1102	3
1103	0
1104	2
1105	4
1106	4
1107	5
1108	4
1109	2
1110	4
1111	1
1112	1
1113	1
1114	0
1115	0
1116	1
1117	0
1118	5
1119	4
1120	5
1121	1
1122	1
1123	5
1124	2
1125	0
1126	0
1127	4
1128	2
1129	0
1130	5
1131	5
1132	1
1133	0
1134	4
1135	5
1136	5
1137	3
1138	2
1139	0
1140	1
1141	0
1142	5
1143	2
1144	0
1145	5
1146	4
1147	1
1148	3
1149	0
1150	4
1151	4
1152	3
1153	2
1154	2
1155	4
1156	3
1157	0
1158	2
1159	5
1160	2
1161	1
1162	1
1163	5
1164	1
1165	2
1166	0
1167	2
1168	1
1169	2
1170	2
1171	3
1172	0
1173	2
1174	0
1175	3
1176	2
1177	4
1178	0
1179	1
1180	0
1181	2
1182	1
1183	5
1184	0
1185	0
1186	5
1187	2
1188	5
1189	1
1190	4
1191	2
1192	0
1193	2
1194	0
1195	2
1196	2
1197	4
1198	5
1199	0
1200	2
1201	1
1202	0
1203	0
1204	1
1205	5
1206	1
1207	2
1208	4
1209	1
1210	5
1211	4
1212	4
1213	0
1214	1
1215	2
1216	1
1217	3
1218	5
1219	1
1220	5
1221	1
1222	1
1223	4
1224	5
1225	4
1226	2
1227	2
1228	2
1229	5
1230	0
1231	3
1232	1
1233	3
1234	4
1235	1
1236	5
1237	1
1238	0
1239	4
1240	4
1241	2
1242	0
1243	2
1244	1
1245	4
1246	2
1247	2
1248	5
1249	0
1250	2
1251	2
1252	2
1253	1
1254	1
1255	5
1256	1
1257	0
1258	0
1259	5
1260	5
1261	4
1262	0
1263	0
1264	4
1265	0
1266	4
1267	1
1268	4
1269	5
1270	0
1271	4
1272	5
1273	0
1274	2
1275	1
1276	2
1277	0
1278	4
1279	4
1280	0
1281	4
1282	1
1283	1
1284	2
1285	1
1286	0
1287	1
1288	2
1289	0
1290	1
1291	4
1292	0
1293	2
1294	2
1295	0
1296	4
1297	2
1298	5
1299	1
1300	2
1301	0
1302	0
1303	5
1304	4
1305	5
1306	2
1307	1
1308	3
1309	1
1310	4
1311	1
1312	4
1313	1
1314	5
1315	5
1316	4
1317	2
1318	5
1319	4
1320	5
1321	0
1322	5
1323	1
1324	5
1325	2
1326	5
1327	1
1328	0
1329	2
1330	2
1331	0
1332	0
1333	5
1334	0
1335	5
1336	4
1337	0
1338	4
1339	4
1340	0
1341	5
1342	0
1343	0
1344	5
1345	2
1346	3
1347	0
1348	4
1349	2
1350	0
1351	2
1352	1
1353	1
1354	1
1355	2
1356	0
1357	4
1358	1
1359	5
1360	3
1361	0
1362	0
1363	0
1364	1
1365	1
1366	5
1367	0
1368	1
1369	2
1370	0
1371	1
1372	1
1373	4
1374	5
1375	2
1376	2
1377	4
1378	1
1379	1
1380	1
1381	2
1382	2
1383	3
1384	0
1385	2
1386	5
1387	4
1388	0
1389	5
1390	5
1391	5
1392	5
1393	2
1394	1
1395	0
1396	2
1397	1
1398	0
1399	3
1400	1
1401	2
1402	2
1403	5
1404	2
1405	2
1406	5
1407	1
1408	0
1409	5
1410	4
1411	2
1412	2
1413	2
1414	5
1415	2
1416	5
1417	1
1418	1
1419	1
1420	1
1421	3
1422	1
1423	0
1424	2
1425	4
1426	1
1427	1
1428	4
1429	0
1430	2
1431	1
1432	3
1433	3
1434	1
1435	3
1436	4
1437	2
1438	3
1439	5
1440	4
1441	2
1442	4
1443	0
1444	1
1445	5
1446	1
1447	0
1448	0
1449	5
1450	5
1451	4
1452	1
1453	5
1454	5
1455	0
1456	2
1457	2
1458	5
1459	3
1460	1
1461	0
1462	1
1463	2
1464	1
1465	2
1466	0
1467	4
1468	4
1469	1
1470	2
1471	1
1472	0
1473	2
1474	4
1475	2
1476	2
1477	2
1478	1
1479	5
1480	2
1481	0
1482	5
1483	0
1484	1
1485	4
1486	3
1487	1
1488	1
1489	3
1490	2
1491	2
1492	4
1493	1
1494	1
1495	1
1496	1
1497	4
1498	4
1499	0
1500	1
1501	0
1502	3
1503	2
1504	2
1505	4
1506	1
1507	2
1508	5
1509	1
1510	5
1511	1
1512	5
1513	5
1514	1
1515	4
1516	1
1517	4
1518	1
1519	4
1520	5
1521	2
1522	2
1523	2
1524	2
1525	3
1526	1
1527	1
1528	0
1529	0
1530	2
1531	1
1532	2
1533	0
1534	0
1535	4
1536	2
1537	4
1538	0
1539	1
1540	0
1541	1
1542	2
1543	0
1544	2
1545	1
1546	1
1547	0
1548	5
1549	0
1550	0
1551	2
1552	4
1553	2
1554	0
1555	2
1556	0
1557	2
1558	4
1559	2
1560	4
1561	4
1562	1
1563	0
1564	2
1565	4
1566	2
1567	4
1568	2
1569	1
1570	4
1571	5
1572	5
1573	4
1574	3
1575	2
1576	0
1577	1
1578	0
1579	1
1580	1
1581	2
1582	1
1583	5
1584	1
1585	2
1586	5
1587	1
1588	1
1589	0
1590	1
1591	0
1592	0
1593	0
1594	2
1595	4
1596	0
1597	5
1598	1
1599	1
1600	1
1601	0
1602	3
1603	4
1604	5
1605	1
1606	1
1607	4
1608	5
1609	4
1610	1
1611	1
1612	2
1613	2
1614	5
1615	0
1616	5
1617	5
1618	1
1619	1
1620	2
1621	2
1622	4
1623	3
1624	2
1625	1
1626	1
1627	0
1628	4
1629	2
1630	2
1631	3
1632	2
1633	5
1634	5
1635	2
1636	4
1637	2
1638	5
1639	2
1640	2
1641	2
1642	5
1643	5
1644	1
1645	0
1646	5
1647	1
1648	4
1649	5
1650	2
1651	0
1652	2
1653	5
1654	4
1655	1
1656	5
1657	2
1658	5
1659	1
1660	5
1661	0
1662	0
1663	0
1664	1
1665	5
1666	1
1667	0
1668	2
1669	3
1670	4
1671	2
1672	0
1673	4
1674	0
1675	5
1676	2
1677	2
1678	5
1679	1
1680	5
1681	0
1682	3
1683	5
1684	0
1685	1
1686	4
1687	1
1688	2
1689	4
1690	2
1691	2
1692	1
1693	1
1694	5
1695	5
1696	3
1697	5
1698	2
1699	1
1700	4
1701	0
1702	3
1703	1
1704	1
1705	3
1706	5
1707	2
1708	2
1709	5
1710	1
1711	4
1712	1
1713	0
1714	4
1715	1
1716	2
1717	1
1718	0
1719	3
1720	5
1721	0
1722	5
1723	1
1724	5
1725	5
1726	2
1727	2
1728	0
1729	0
1730	3
1731	5
1732	1
1733	0
1734	1
1735	5
1736	3
1737	4
1738	0
1739	2
1740	2
1741	4
1742	5
1743	5
1744	0
1745	5
1746	3
1747	1
1748	2
1749	4
1750	4
1751	0
1752	1
1753	2
1754	5
1755	4
1756	5
1757	4
1758	1
1759	1
1760	1
1761	5
1762	5
1763	3
1764	1
1765	0
1766	2
1767	2
1768	2
1769	0
1770	0
1771	4
1772	2
1773	1
1774	5
1775	0
1776	5
1777	3
1778	4
1779	1
1780	5
1781	5
1782	4
1783	2
1784	1
1785	2
1786	5
1787	4
1788	1
1789	5
1790	2
1791	2
1792	1
1793	5
1794	5
1795	1
1796	3
1797	4
1798	3
1799	2
1800	2
1801	5
1802	0
1803	4
1804	4
1805	2
1806	0
1807	4
1808	0
1809	5
1810	2
1811	0
1812	2
1813	1
1814	5
1815	1
1816	0
1817	5
1818	2
1819	5
1820	5
1821	0
1822	2
1823	5
1824	2
1825	4
1826	2
1827	0
1828	0
1829	2
1830	5
1831	5
1832	3
1833	0
1834	5
1835	3
1836	1
1837	5
1838	5
1839	5
1840	0
1841	1
1842	0
1843	4
1844	2
1845	0
1846	0
1847	5
1848	0
1849	0
1850	5
1851	2
1852	4
1853	2
1854	0
1855	4
1856	5
1857	1
1858	4
1859	0
1860	3
1861	0
1862	1
1863	4
1864	5
1865	0
1866	1
1867	2
1868	4
1869	3
1870	3
1871	4
1872	2
1873	1
1874	1
1875	5
1876	3
1877	1
1878	2
1879	5
1880	0
1881	2
1882	0
1883	0
1884	4
1885	4
1886	1
1887	1
1888	0
1889	4
1890	2
1891	2
1892	4
1893	5
1894	1
1895	0
1896	0
1897	5
1898	1
1899	5
1900	5
1901	0
1902	0
1903	1
1904	5
1905	5
1906	5
1907	1
1908	5
1909	4
1910	3
1911	2
1912	2
1913	5
1914	5
1915	4
1916	1
1917	2
1918	3
1919	2
1920	0
1921	5
1922	0
1923	1
1924	1
1925	5
1926	1
1927	4
1928	0
1929	3
1930	0
1931	1
1932	0
1933	4
1934	1
1935	1
1936	2
1937	4
1938	2
1939	2
1940	3
1941	5
1942	4
1943	1
1944	5
1945	5
1946	5
1947	2
1948	2
1949	4
1950	1
1951	4
1952	2
1953	5
1954	0
1955	4
1956	2
1957	1
1958	2
1959	0
1960	2
1961	1
1962	5
1963	0
1964	1
1965	5
1966	0
1967	0
1968	1
1969	3
1970	0
1971	5
1972	5
1973	2
1974	4
1975	3
1976	5
1977	2
1978	4
1979	2
1980	2
1981	3
1982	1
1983	4
1984	1
1985	5
1986	1
1987	2
1988	5
1989	1
1990	2
1991	3
1992	1
1993	3
1994	0
1995	5
1996	0
1997	0
1998	2
1999	3
2000	2
2001	5
2002	5
2003	1
2004	1
2005	5
2006	1
2007	0
2008	5
2009	0
2010	4
2011	1
2012	5
2013	3
2014	4
2015	3
2016	1
2017	2
2018	5
2019	0
2020	1
2021	1
2022	0
2023	2
2024	5
2025	2
2026	0
2027	0
2028	0
2029	0
2030	2
2031	1
2032	5
2033	2
2034	5
2035	5
2036	4
2037	0
2038	5
2039	2
2040	4
2041	4
2042	3
2043	1
2044	2
2045	2
2046	1
2047	4
2048	1
2049	0
2050	0
2051	2
2052	1
2053	2
2054	5
2055	0
2056	4
2057	5
2058	0
2059	3
2060	2
2061	2
2062	0
2063	5
2064	2
2065	4
2066	0
2067	2
2068	0
2069	0
2070	1
2071	1
2072	2
2073	1
2074	0
2075	3
2076	2
2077	5
2078	1
2079	0
2080	5
2081	3
2082	0
2083	4
2084	2
2085	4
2086	2
2087	4
2088	3
2089	5
2090	1
2091	0
2092	1
2093	0
2094	0
2095	4
2096	2
2097	1
2098	0
2099	5
2100	5
2101	1
2102	1
2103	5
2104	2
2105	4
2106	1
2107	2
2108	4
2109	3
2110	1
2111	1
2112	5
2113	0
2114	2
2115	2
2116	2
2117	4
2118	4
2119	3
2120	4
2121	2
2122	1
2123	0
2124	2
2125	4
2126	0
2127	2
2128	0
2129	4
2130	3
2131	2
2132	3
2133	1
2134	0
2135	1
2136	3
2137	1
2138	5
2139	1
2140	1
2141	1
2142	1
2143	4
2144	4
2145	0
2146	0
2147	0
2148	4
2149	4
2150	4
2151	1
2152	0
2153	1
2154	2
2155	5
2156	5
2157	5
2158	4
2159	0
2160	1
2161	5
2162	0
2163	2
2164	3
2165	4
2166	2
2167	1
2168	4
2169	4
2170	1
2171	4
2172	2
2173	2
2174	1
2175	2
2176	4
2177	1
2178	1
2179	5
2180	3
2181	1
2182	4
2183	1
2184	2
2185	1
2186	0
2187	5
2188	1
2189	3
2190	3
2191	1
2192	5
2193	4
2194	5
2195	2
2196	5
2197	1
2198	0
2199	5
2200	5
2201	5
2202	1
2203	2
2204	2
2205	2
2206	1
2207	5
2208	1
2209	5
2210	1
2211	1
2212	2
2213	2
2214	0
2215	0
2216	0
2217	0
2218	5
2219	1
2220	0
2221	5
2222	1
2223	5
2224	4
2225	1
2226	5
2227	4
2228	5
2229	1
2230	5
2231	2
2232	3
2233	5
2234	1
2235	3
2236	1
2237	5
2238	3
2239	3
2240	3
2241	0
2242	4
2243	1
2244	5
2245	2
2246	5
2247	1
2248	0
2249	2
2250	2
2251	2
2252	1
2253	1
2254	0
2255	0
2256	3
2257	3
2258	2
2259	4
2260	5
2261	0
2262	5
2263	3
2264	0
2265	0
2266	1
2267	0
2268	2
2269	0
2270	0
2271	2
2272	1
2273	4
2274	1
2275	3
2276	0
2277	1
2278	0
2279	5
2280	5
2281	1
2282	1
2283	0
2284	3
2285	2
2286	5
2287	1
2288	1
2289	0
2290	2
2291	0
2292	2
2293	5
2294	1
2295	1
2296	2
2297	2
2298	0
2299	1
2300	2
2301	2
2302	0
2303	2
2304	4
2305	0
2306	4
2307	2
2308	4
2309	2
2310	4
2311	3
2312	3
2313	1
2314	4
2315	4
2316	0
2317	1
2318	0
2319	2
2320	1
2321	0
2322	2
2323	0
2324	5
2325	5
2326	3
2327	1
2328	2
2329	4
2330	1
2331	1
2332	2
2333	4
2334	3
2335	4
2336	0
2337	1
2338	4
2339	0
2340	0
2341	4
2342	1
2343	1
2344	4
2345	2
2346	1
2347	2
2348	4
2349	0
2350	4
2351	5
2352	1
2353	0
2354	0
2355	3
2356	2
2357	4
2358	2
2359	1
2360	5
2361	0
2362	2
2363	4
2364	1
2365	5
2366	2
2367	5
2368	5
2369	5
2370	4
2371	1
2372	5
2373	4
2374	4
2375	5
2376	0
2377	2
2378	2
2379	0
2380	1
2381	5
2382	0
2383	1
2384	2
2385	1
2386	5
2387	0
2388	3
2389	2
2390	4
2391	1
2392	0
2393	2
2394	5
2395	1
2396	4
2397	2
2398	2
2399	2
2400	4
2401	0
2402	1
2403	1
2404	5
2405	5
2406	2
2407	2
2408	5
2409	2
2410	0
2411	1
2412	2
2413	1
2414	2
2415	2
2416	3
2417	2
2418	0
2419	4
2420	5
2421	2
2422	4
2423	1
2424	4
2425	0
2426	2
2427	5
2428	2
2429	4
2430	5
2431	1
2432	0
2433	1
2434	5
2435	4
2436	5
2437	0
2438	3
2439	1
2440	2
2441	5
2442	2
2443	0
2444	2
2445	3
2446	3
2447	1
2448	2
2449	1
2450	5
2451	0
2452	5
2453	1
2454	2
2455	4
2456	2
2457	1
2458	0
2459	5
2460	1
2461	3
2462	2
2463	5
2464	5
2465	4
2466	0
2467	0
2468	1
2469	0
2470	1
2471	0
2472	5
2473	1
2474	2
2475	4
2476	4
2477	2
2478	2
2479	2
2480	2
2481	1
2482	4
2483	0
2484	1
2485	0
2486	1
2487	1
2488	3
2489	2
2490	0
2491	0
2492	0
2493	1
2494	5
2495	1
2496	2
2497	1
2498	1
2499	0
2500	2
2501	2
2502	1
2503	4
2504	5
2505	1
2506	5
2507	0
2508	5
2509	1
2510	0
2511	2
2512	1
2513	1
2514	4
2515	1
2516	1
2517	1
2518	4
2519	3
2520	4
2521	2
2522	4
2523	2
2524	2
2525	2
2526	0
2527	0
2528	0
2529	1
2530	1
2531	0
2532	5
2533	2
2534	2
2535	1
2536	0
2537	4
2538	5
2539	1
2540	1
2541	5
2542	4
2543	1
2544	4
2545	4
2546	1
2547	0
2548	2
2549	5
2550	0
2551	2
2552	0
2553	2
2554	0
2555	4
2556	2
2557	5
2558	0
2559	0
2560	2
2561	1
2562	3
2563	2
2564	4
2565	0
2566	1
2567	0
2568	2
2569	5
2570	5
2571	5
2572	1
2573	2
2574	1
2575	1
2576	0
2577	4
2578	2
2579	5
2580	5
2581	3
2582	3
2583	4
2584	1
2585	1
2586	0
2587	1
2588	2
2589	2
2590	1
2591	2
2592	0
2593	0
2594	5
2595	0
2596	5
2597	0
2598	5
2599	3
2600	1
2601	4
2602	1
2603	5
2604	4
2605	4
2606	2
2607	1
2608	1
2609	5
2610	5
2611	0
2612	5
2613	4
2614	4
2615	2
2616	0
2617	2
2618	2
2619	3
2620	2
2621	5
2622	1
2623	2
2624	4
2625	0
2626	4
2627	4
2628	1
2629	5
2630	2
2631	5
2632	4
2633	1
2634	1
2635	2
2636	1
2637	1
2638	2
2639	4
2640	4
2641	1
2642	4
2643	5
2644	1
2645	0
2646	2
2647	4
2648	3
2649	4
2650	0
2651	0
2652	3
2653	5
2654	5
2655	5
2656	1
2657	2
2658	5
2659	1
2660	2
2661	5
2662	4
2663	2
2664	4
2665	3
2666	2
2667	4
2668	2
2669	2
2670	3
2671	0
2672	4
2673	2
2674	4
2675	0
2676	2
2677	0
2678	2
2679	4
2680	0
2681	3
2682	2
2683	0
2684	0
2685	4
2686	0
2687	4
2688	2
2689	5
2690	5
2691	0
2692	5
2693	5
2694	5
2695	2
2696	1
2697	0
2698	4
2699	4
2700	0
2701	3
2702	0
2703	0
2704	1
2705	1
2706	0
2707	2
2708	0
2709	2
2710	1
2711	1
2712	1
2713	0
2714	5
2715	5
2716	2
2717	0
2718	2
2719	2
2720	5
2721	0
2722	1
2723	4
2724	0
2725	2
2726	2
2727	4
2728	4
2729	1
2730	2
2731	1
2732	5
2733	1
2734	1
2735	4
2736	4
2737	2
2738	1
2739	2
2740	2
2741	5
2742	4
2743	2
2744	3
2745	4
2746	5
2747	0
2748	1
2749	4
2750	1
2751	1
2752	1
2753	1
2754	2
2755	4
2756	0
2757	0
2758	5
2759	0
2760	4
2761	4
2762	3
2763	1
2764	1
2765	0
2766	5
2767	1
2768	3
2769	2
2770	1
2771	5
2772	3
2773	1
2774	3
2775	4
2776	3
2777	0
2778	1
2779	1
2780	4
2781	2
2782	1
2783	1
2784	5
2785	2
2786	5
2787	5
2788	2
2789	4
2790	5
2791	5
2792	2
2793	3
2794	0
2795	5
2796	5
2797	1
2798	5
2799	4
2800	2
2801	5
2802	5
2803	2
2804	2
2805	0
2806	2
2807	0
2808	2
2809	0
2810	0
2811	2
2812	0
2813	0
2814	0
2815	0
2816	4
2817	5
2818	5
2819	4
2820	5
2821	4
2822	3
2823	1
2824	2
2825	2
2826	1
2827	1
2828	5
2829	2
2830	5
2831	2
2832	1
2833	3
2834	1
2835	0
2836	5
2837	2
2838	1
2839	1
2840	2
2841	0
2842	5
2843	1
2844	2
2845	3
2846	4
2847	1
2848	2
2849	1
2850	1
2851	4
2852	5
2853	5
2854	1
2855	0
2856	5
2857	4
2858	0
2859	5
2860	3
2861	0
2862	1
2863	2
2864	1
2865	3
2866	1
2867	0
2868	5
2869	1
2870	2
2871	1
2872	0
2873	5
2874	4
2875	5
2876	5
2877	5
2878	2
2879	2
2880	4
2881	5
2882	2
2883	5
2884	1
2885	0
2886	4
2887	3
2888	5
2889	2
2890	1
2891	0
2892	5
2893	0
2894	4
2895	2
2896	2
2897	5
2898	1
2899	4
2900	1
2901	2
2902	0
2903	5
2904	2
2905	0
2906	0
2907	3
2908	3
2909	0
2910	0
2911	4
2912	5
2913	0
2914	5
2915	1
2916	0
2917	5
2918	4
2919	2
2920	1
2921	1
2922	0
2923	1
2924	4
2925	4
2926	2
2927	1
2928	2
2929	0
2930	1
2931	5
2932	2
2933	3
2934	0
2935	0
2936	4
2937	2
2938	5
2939	5
2940	2
2941	2
2942	4
2943	1
2944	5
2945	0
2946	1
2947	0
2948	5
2949	3
2950	4
2951	1
2952	0
2953	3
2954	0
2955	2
2956	0
2957	2
2958	0
2959	0
2960	5
2961	0
2962	4
2963	2
2964	1
2965	1
2966	2
2967	1
2968	4
2969	3
2970	5
2971	5
2972	2
2973	4
2974	0
2975	0
2976	1
2977	1
2978	2
2979	5
2980	0
2981	4
2982	2
2983	2
2984	2
2985	5
2986	5
2987	1
2988	4
2989	5
2990	2
