0	5
1	5
2	2
3	4
4	0
5	5
6	1
7	2
8	0
9	1
10	1
11	0
12	1
13	0
14	0
15	0
16	0
17	2
18	0
19	1
20	1
21	2
22	0
23	5
24	4
25	4
26	5
27	4
28	5
29	2
30	2
31	2
32	1
33	3
34	5
35	5
36	5
37	3
38	1
39	4
40	5
41	1
42	1
43	4
44	3
45	0
46	4
47	1
48	2
49	5
50	1
51	0
52	2
53	0
54	2
55	0
56	4
57	2
58	1
59	5
60	2
61	0
62	1
63	1
64	2
65	2
66	0
67	1
68	1
69	5
70	4
71	5
72	3
73	3
74	2
75	2
76	2
77	0
78	2
79	1
80	0
81	4
82	4
83	0
84	2
85	5
86	5
87	0
88	2
89	5
90	2
91	2
92	1
93	2
94	4
95	0
96	3
97	4
98	0
99	1
100	1
101	3
102	0
103	0
104	2
105	4
106	2
107	0
108	2
109	0
110	2
111	1
112	5
113	2
114	2
115	3
116	5
117	2
118	0
119	4
120	2
121	5
122	1
123	2
124	2
125	2
126	0
127	1
128	5
129	0
130	2
131	1
132	5
133	1
134	1
135	4
136	0
137	1
138	2
139	2
140	0
141	2
142	5
143	4
144	2
145	1
146	2
147	4
148	3
149	0
150	4
151	2
152	1
153	5
154	5
155	2
156	2
157	0
158	1
159	4
160	4
161	0
162	1
163	3
164	2
165	1
166	2
167	5
168	3
169	1
170	5
171	0
172	1
173	1
174	4
175	0
176	2
177	0
178	4
179	4
180	4
181	1
182	3
183	0
184	4
185	5
186	5
187	1
188	5
189	2
190	0
191	1
192	4
193	1
194	2
195	0
196	1
197	2
198	2
199	4
200	2
201	3
202	4
203	2
204	5
205	0
206	0
207	0
208	2
209	0
210	0
211	4
212	2
213	0
214	1
215	4
216	4
217	2
218	1
219	4
220	2
221	3
222	0
223	5
224	4
225	5
226	1
227	2
228	3
229	4
230	4
231	4
232	5
233	2
234	1
235	5
236	2
237	3
238	1
239	3
240	2
241	3
242	5
243	1
244	5
245	1
246	3
247	5
248	1
249	4
250	1
251	5
252	0
253	1
254	5
255	0
256	5
257	2
258	3
259	3
260	3
261	2
262	2
263	5
264	2
265	2
266	3
267	0
268	4
269	2
270	5
271	2
272	1
273	4
274	4
275	2
276	0
277	1
278	1
279	2
280	1
281	4
282	1
283	4
284	2
285	1
286	0
287	2
288	0
289	1
290	2
291	1
292	1
293	5
294	2
295	2
296	2
297	0
298	1
299	4
300	5
301	2
302	4
303	5
304	3
305	0
306	1
307	4
308	2
309	5
310	0
311	0
312	0
313	5
314	0
315	4
316	1
317	5
318	3
319	4
320	0
321	4
322	2
323	0
324	0
325	2
326	3
327	1
328	5
329	3
330	4
331	1
332	4
333	2
334	2
335	5
336	2
337	5
338	1
339	5
340	1
341	1
342	4
343	2
344	0
345	4
346	5
347	4
348	0
349	2
350	5
351	2
352	0
353	5
354	1
355	4
356	0
357	1
358	0
359	5
360	5
361	0
362	0
363	2
364	2
365	2
366	4
367	3
368	0
369	1
370	5
371	2
372	2
373	4
374	2
375	2
376	4
377	0
378	0
379	4
380	0
381	2
382	1
383	1
384	1
385	1
386	2
387	1
388	0
389	5
390	5
391	0
392	4
393	1
394	5
395	0
396	4
397	3
398	2
399	1
400	4
401	0
402	0
403	2
404	2
405	4
406	1
407	4
408	2
409	0
410	1
411	5
412	1
413	1
414	5
415	4
416	4
417	0
418	2
419	4
420	2
421	2
422	4
423	1
424	4
425	2
426	1
427	5
428	5
429	5
430	0
431	0
432	5
433	2
434	0
435	0
436	2
437	4
438	2
439	5
440	4
441	3
442	0
443	2
444	2
445	4
446	5
447	3
448	4
449	4
450	0
451	2
452	3
453	2
454	2
455	5
456	1
457	1
458	0
459	3
460	1
461	1
462	3
463	2
464	5
465	2
466	2
467	1
468	5
469	5
470	1
471	0
472	2
473	0
474	5
475	5
476	2
477	2
478	2
479	0
480	1
481	2
482	5
483	4
484	3
485	0
486	3
487	1
488	4
489	2
490	0
491	0
492	2
493	2
494	4
495	5
496	1
497	4
498	4
499	1
500	0
501	5
502	4
503	3
504	2
505	2
506	3
507	5
508	5
509	3
510	0
511	4
512	0
513	1
514	4
515	2
516	1
517	2
518	1
519	5
520	1
521	3
522	1
523	1
524	3
525	5
526	0
527	2
528	2
529	1
530	2
531	2
532	1
533	2
534	2
535	0
536	0
537	2
538	0
539	3
540	2
541	5
542	2
543	4
544	2
545	1
546	1
547	5
548	1
549	0
550	1
551	2
552	0
553	1
554	4
555	2
556	4
557	0
558	4
559	0
560	0
561	2
562	4
563	0
564	2
565	1
566	1
567	2
568	5
569	2
570	4
571	5
572	5
573	5
574	4
575	5
576	0
577	4
578	3
579	5
580	5
581	0
582	0
583	3
584	1
585	3
586	1
587	4
588	2
589	5
590	3
591	2
592	4
593	0
594	2
595	1
596	4
597	0
598	2
599	1
600	2
601	2
602	4
603	3
604	0
605	5
606	0
607	5
608	4
609	1
610	1
611	5
612	0
613	5
614	2
615	5
616	0
617	5
618	0
619	4
620	2
621	0
622	2
623	2
624	5
625	2
626	4
627	1
628	2
629	4
630	1
631	2
632	5
633	5
634	1
635	5
636	0
637	5
638	1
639	4
640	1
641	1
642	2
643	4
644	1
645	4
646	2
647	2
648	0
649	4
650	5
651	1
652	0
653	0
654	0
655	3
656	2
657	0
658	5
659	1
660	1
661	0
662	2
663	4
664	1
665	4
666	1
667	5
668	3
669	2
670	3
671	1
672	2
673	2
674	4
675	2
676	2
677	4
678	4
679	2
680	0
681	1
682	0
683	4
684	2
685	1
686	2
687	0
688	0
689	5
690	0
691	3
692	5
693	1
694	2
695	3
696	5
697	2
698	5
699	3
700	0
701	2
702	4
703	2
704	1
705	0
706	3
707	0
708	1
709	5
710	0
711	1
712	0
713	1
714	5
715	3
716	2
717	5
718	4
719	2
720	2
721	0
722	2
723	1
724	4
725	2
726	4
727	5
728	5
729	4
730	1
731	1
732	5
733	1
734	2
735	2
736	1
737	5
738	3
739	4
740	0
741	2
742	4
743	0
744	2
745	3
746	5
747	1
748	5
749	4
750	4
751	0
752	5
753	3
754	4
755	5
756	2
757	0
758	1
759	1
760	1
761	2
762	4
763	5
764	1
765	5
766	1
767	0
768	0
769	3
770	1
771	3
772	1
773	2
774	1
775	5
776	5
777	5
778	3
779	5
780	4
781	0
782	4
783	1
784	4
785	5
786	0
787	4
788	4
789	4
790	4
791	1
792	2
793	1
794	0
795	3
796	0
797	2
798	4
799	2
800	5
801	5
802	2
803	2
804	4
805	3
806	5
807	0
808	4
809	2
810	5
811	2
812	0
813	1
814	5
815	2
816	4
817	2
818	4
819	0
820	0
821	4
822	5
823	5
824	5
825	5
826	2
827	4
828	1
829	4
830	1
831	4
832	5
833	3
834	4
835	4
836	1
837	0
838	2
839	1
840	4
841	1
842	2
843	5
844	2
845	5
846	1
847	5
848	4
849	4
850	4
851	0
852	5
853	0
854	1
855	0
856	0
857	4
858	1
859	5
860	1
861	5
862	0
863	1
864	2
865	4
866	0
867	4
868	1
869	3
870	4
871	2
872	4
873	4
874	2
875	2
876	5
877	5
878	0
879	0
880	0
881	5
882	0
883	1
884	2
885	2
886	0
887	5
888	0
889	0
890	0
891	0
892	5
893	5
894	2
895	0
896	2
897	1
898	2
899	2
900	5
901	1
902	1
903	0
904	1
905	1
906	2
907	0
908	0
909	5
910	1
911	2
912	2
913	4
914	5
915	4
916	3
917	0
918	5
919	0
920	2
921	5
922	4
923	2
924	3
925	1
926	4
927	3
928	4
929	1
930	4
931	1
932	4
933	4
934	3
935	4
936	1
937	3
938	4
939	2
940	2
941	2
942	3
943	2
944	5
945	2
946	5
947	5
948	5
949	2
950	5
951	4
952	4
953	0
954	0
955	5
956	4
957	1
958	5
959	2
960	1
961	1
962	0
963	3
964	0
965	2
966	1
967	5
968	0
969	2
970	4
971	5
972	0
973	3
974	1
975	4
976	1
977	5
978	0
979	4
980	4
981	5
982	1
983	1
984	1
985	3
986	1
987	5
988	4
989	5
990	0
991	0
992	2
993	4
994	0
995	1
996	5
997	1
998	4
999	4
1000	2
1001	2
1002	1
1003	5
1004	2
1005	4
1006	0
1007	1
1008	5
1009	3
1010	1
1011	1
1012	5
1013	1
1014	1
1015	5
1016	0
1017	4
1018	2
1019	1
1020	4
1021	1
1022	0
1023	2
1024	4
1025	4
1026	2
1027	1
1028	2
1029	5
1030	2
1031	2
1032	5
1033	5
1034	0
1035	4
1036	0
1037	0
1038	1
1039	1
1040	1
1041	5
1042	2
1043	2
1044	4
1045	5
1046	5
1047	0
1048	0
1049	5
1050	2
1051	0
1052	0
1053	4
1054	2
1055	1
1056	3
1057	1
1058	1
1059	5
1060	5
1061	1
1062	5
1063	3
1064	5
1065	5
1066	1
1067	2
1068	5
1069	1
1070	5
1071	1
1072	5
1073	5
1074	1
1075	1
1076	4
1077	2
1078	1
1079	5
1080	0
1081	5
1082	4
1083	3
1084	0
1085	4
1086	4
1087	4
1088	5
1089	4
1090	2
1091	0
1092	1
1093	1
1094	1
1095	4
1096	0
1097	0
1098	1
1099	0
1100	5
1101	4
1102	4
1103	5
1104	1
1105	1
1106	5
1107	0
1108	0
1109	4
1110	2
1111	2
1112	5
1113	5
1114	1
1115	0
1116	4
1117	5
1118	5
1119	3
1120	2
1121	0
1122	1
1123	0
1124	0
1125	5
1126	4
1127	2
1128	2
1129	0
1130	5
1131	4
1132	3
1133	2
1134	4
1135	3
1136	4
1137	0
1138	2
1139	4
1140	3
1141	0
1142	2
1143	5
1144	2
1145	1
1146	1
1147	5
1148	1
1149	2
1150	2
1151	2
1152	0
1153	1
1154	2
1155	2
1156	3
1157	0
1158	2
1159	0
1160	3
1161	2
1162	1
1163	4
1164	1
1165	0
1166	0
1167	2
1168	1
1169	5
1170	0
1171	0
1172	0
1173	2
1174	1
1175	0
1176	4
1177	2
1178	5
1179	0
1180	2
1181	0
1182	2
1183	2
1184	4
1185	5
1186	0
1187	2
1188	1
1189	0
1190	1
1191	0
1192	5
1193	1
1194	2
1195	4
1196	1
1197	0
1198	5
1199	4
1200	4
1201	0
1202	1
1203	2
1204	1
1205	4
1206	3
1207	5
1208	1
1209	5
1210	4
1211	1
1212	1
1213	5
1214	4
1215	2
1216	3
1217	2
1218	5
1219	0
1220	1
1221	3
1222	3
1223	1
1224	5
1225	1
1226	5
1227	0
1228	4
1229	4
1230	2
1231	0
1232	2
1233	1
1234	4
1235	2
1236	2
1237	5
1238	0
1239	2
1240	2
1241	2
1242	2
1243	1
1244	1
1245	5
1246	1
1247	0
1248	0
1249	5
1250	4
1251	0
1252	0
1253	4
1254	0
1255	4
1256	0
1257	5
1258	4
1259	5
1260	0
1261	2
1262	1
1263	2
1264	4
1265	4
1266	0
1267	2
1268	4
1269	1
1270	1
1271	2
1272	1
1273	0
1274	0
1275	0
1276	1
1277	2
1278	0
1279	1
1280	4
1281	0
1282	2
1283	2
1284	0
1285	4
1286	2
1287	2
1288	5
1289	2
1290	1
1291	0
1292	0
1293	4
1294	2
1295	5
1296	1
1297	3
1298	1
1299	4
1300	1
1301	4
1302	4
1303	1
1304	5
1305	5
1306	4
1307	2
1308	5
1309	4
1310	5
1311	0
1312	5
1313	1
1314	5
1315	2
1316	5
1317	0
1318	1
1319	0
1320	3
1321	2
1322	0
1323	5
1324	0
1325	5
1326	0
1327	4
1328	0
1329	5
1330	4
1331	0
1332	2
1333	0
1334	0
1335	2
1336	5
1337	2
1338	3
1339	0
1340	4
1341	0
1342	2
1343	1
1344	1
1345	1
1346	2
1347	0
1348	1
1349	5
1350	3
1351	0
1352	0
1353	0
1354	1
1355	1
1356	5
1357	0
1358	1
1359	2
1360	0
1361	1
1362	1
1363	4
1364	5
1365	2
1366	2
1367	1
1368	1
1369	1
1370	2
1371	2
1372	3
1373	0
1374	2
1375	5
1376	4
1377	5
1378	0
1379	5
1380	5
1381	5
1382	2
1383	1
1384	0
1385	0
1386	2
1387	1
1388	3
1389	2
1390	1
1391	2
1392	2
1393	5
1394	2
1395	2
1396	5
1397	1
1398	0
1399	5
1400	4
1401	4
1402	2
1403	2
1404	2
1405	5
1406	5
1407	2
1408	5
1409	5
1410	1
1411	1
1412	1
1413	1
1414	1
1415	0
1416	2
1417	4
1418	1
1419	4
1420	2
1421	0
1422	1
1423	3
1424	1
1425	3
1426	4
1427	2
1428	3
1429	5
1430	4
1431	2
1432	4
1433	0
1434	5
1435	1
1436	0
1437	0
1438	5
1439	5
1440	4
1441	1
1442	5
1443	5
1444	2
1445	2
1446	5
1447	3
1448	1
1449	0
1450	2
1451	1
1452	2
1453	0
1454	4
1455	1
1456	0
1457	2
1458	3
1459	4
1460	2
1461	2
1462	2
1463	1
1464	5
1465	0
1466	5
1467	0
1468	4
1469	3
1470	1
1471	1
1472	2
1473	2
1474	1
1475	1
1476	1
1477	1
1478	4
1479	0
1480	1
1481	3
1482	0
1483	0
1484	4
1485	1
1486	2
1487	5
1488	1
1489	5
1490	1
1491	5
1492	4
1493	1
1494	5
1495	1
1496	5
1497	2
1498	2
1499	2
1500	2
1501	1
1502	1
1503	0
1504	1
1505	0
1506	2
1507	1
1508	1
1509	2
1510	0
1511	0
1512	2
1513	4
1514	0
1515	1
1516	0
1517	1
1518	2
1519	0
1520	2
1521	1
1522	1
1523	1
1524	0
1525	5
1526	0
1527	0
1528	2
1529	4
1530	2
1531	2
1532	1
1533	0
1534	0
1535	2
1536	4
1537	2
1538	4
1539	4
1540	1
1541	0
1542	2
1543	2
1544	4
1545	2
1546	2
1547	1
1548	4
1549	4
1550	1
1551	5
1552	5
1553	4
1554	3
1555	2
1556	0
1557	1
1558	0
1559	2
1560	1
1561	1
1562	1
1563	5
1564	1
1565	2
1566	5
1567	1
1568	0
1569	1
1570	0
1571	0
1572	0
1573	3
1574	4
1575	2
1576	0
1577	1
1578	1
1579	2
1580	1
1581	0
1582	3
1583	4
1584	5
1585	1
1586	1
1587	5
1588	4
1589	2
1590	1
1591	1
1592	2
1593	5
1594	0
1595	5
1596	1
1597	1
1598	2
1599	2
1600	4
1601	5
1602	2
1603	3
1604	2
1605	1
1606	1
1607	0
1608	2
1609	2
1610	2
1611	2
1612	5
1613	5
1614	3
1615	4
1616	2
1617	5
1618	2
1619	2
1620	5
1621	5
1622	1
1623	0
1624	1
1625	5
1626	1
1627	5
1628	2
1629	5
1630	0
1631	1
1632	2
1633	5
1634	4
1635	1
1636	5
1637	5
1638	2
1639	1
1640	5
1641	0
1642	0
1643	1
1644	5
1645	1
1646	0
1647	2
1648	4
1649	3
1650	0
1651	0
1652	4
1653	5
1654	2
1655	5
1656	1
1657	5
1658	3
1659	0
1660	5
1661	3
1662	5
1663	0
1664	5
1665	1
1666	2
1667	4
1668	2
1669	2
1670	1
1671	1
1672	5
1673	5
1674	3
1675	5
1676	2
1677	1
1678	4
1679	0
1680	3
1681	1
1682	1
1683	3
1684	2
1685	2
1686	5
1687	1
1688	4
1689	0
1690	1
1691	4
1692	1
1693	1
1694	2
1695	0
1696	3
1697	5
1698	0
1699	5
1700	1
1701	5
1702	2
1703	2
1704	5
1705	2
1706	0
1707	0
1708	3
1709	5
1710	2
1711	1
1712	3
1713	0
1714	1
1715	3
1716	4
1717	0
1718	2
1719	2
1720	4
1721	5
1722	5
1723	5
1724	4
1725	4
1726	2
1727	1
1728	3
1729	0
1730	1
1731	1
1732	4
1733	5
1734	4
1735	1
1736	1
1737	1
1738	5
1739	3
1740	1
1741	0
1742	2
1743	2
1744	2
1745	0
1746	0
1747	4
1748	2
1749	0
1750	5
1751	4
1752	1
1753	5
1754	5
1755	4
1756	3
1757	2
1758	1
1759	2
1760	5
1761	4
1762	1
1763	5
1764	2
1765	5
1766	5
1767	2
1768	2
1769	5
1770	5
1771	1
1772	0
1773	4
1774	3
1775	3
1776	2
1777	2
1778	5
1779	0
1780	4
1781	4
1782	4
1783	0
1784	4
1785	0
1786	5
1787	2
1788	0
1789	5
1790	2
1791	1
1792	1
1793	0
1794	5
1795	2
1796	5
1797	5
1798	0
1799	2
1800	5
1801	2
1802	4
1803	3
1804	0
1805	0
1806	2
1807	5
1808	5
1809	4
1810	3
1811	0
1812	0
1813	5
1814	3
1815	1
1816	5
1817	5
1818	0
1819	1
1820	0
1821	4
1822	0
1823	5
1824	4
1825	0
1826	5
1827	2
1828	4
1829	0
1830	2
1831	4
1832	5
1833	4
1834	3
1835	0
1836	3
1837	0
1838	1
1839	5
1840	0
1841	1
1842	3
1843	2
1844	4
1845	4
1846	1
1847	2
1848	1
1849	5
1850	4
1851	2
1852	5
1853	2
1854	0
1855	0
1856	4
1857	4
1858	1
1859	5
1860	1
1861	0
1862	1
1863	4
1864	2
1865	2
1866	4
1867	1
1868	2
1869	5
1870	0
1871	1
1872	0
1873	5
1874	2
1875	1
1876	5
1877	5
1878	0
1879	1
1880	5
1881	5
1882	5
1883	1
1884	4
1885	2
1886	3
1887	2
1888	5
1889	2
1890	5
1891	4
1892	1
1893	2
1894	3
1895	2
1896	0
1897	5
1898	1
1899	1
1900	2
1901	4
1902	0
1903	3
1904	0
1905	1
1906	4
1907	1
1908	1
1909	2
1910	4
1911	2
1912	3
1913	5
1914	2
1915	5
1916	4
1917	5
1918	5
1919	4
1920	5
1921	2
1922	2
1923	4
1924	1
1925	4
1926	2
1927	5
1928	0
1929	2
1930	4
1931	1
1932	2
1933	2
1934	1
1935	5
1936	0
1937	1
1938	5
1939	0
1940	0
1941	1
1942	3
1943	0
1944	5
1945	3
1946	2
1947	3
1948	4
1949	5
1950	2
1951	4
1952	2
1953	2
1954	5
1955	3
1956	1
1957	4
1958	1
1959	5
1960	1
1961	2
1962	5
1963	1
1964	3
1965	1
1966	3
1967	0
1968	5
1969	0
1970	0
1971	1
1972	3
1973	2
1974	2
1975	5
1976	5
1977	1
1978	1
1979	5
1980	1
1981	0
1982	5
1983	0
1984	4
1985	1
1986	5
1987	4
1988	1
1989	2
1990	5
1991	0
1992	2
1993	1
1994	1
1995	0
1996	2
1997	5
1998	0
1999	2
2000	0
2001	0
2002	2
2003	5
2004	2
2005	5
2006	5
2007	4
2008	0
2009	5
2010	2
2011	4
2012	4
2013	3
2014	1
2015	2
2016	1
2017	2
2018	4
2019	1
2020	0
2021	0
2022	2
2023	1
2024	2
2025	5
2026	0
2027	4
2028	2
2029	5
2030	0
2031	3
2032	2
2033	2
2034	0
2035	5
2036	2
2037	4
2038	0
2039	4
2040	0
2041	2
2042	0
2043	0
2044	1
2045	1
2046	2
2047	1
2048	2
2049	5
2050	0
2051	5
2052	3
2053	0
2054	4
2055	4
2056	2
2057	3
2058	5
2059	0
2060	1
2061	1
2062	2
2063	0
2064	0
2065	4
2066	2
2067	1
2068	0
2069	5
2070	5
2071	1
2072	5
2073	1
2074	5
2075	2
2076	1
2077	2
2078	3
2079	1
2080	5
2081	1
2082	0
2083	2
2084	2
2085	4
2086	2
2087	3
2088	4
2089	2
2090	1
2091	1
2092	0
2093	3
2094	2
2095	0
2096	2
2097	3
2098	0
2099	2
2100	3
2101	1
2102	0
2103	1
2104	3
2105	1
2106	5
2107	1
2108	1
2109	1
2110	1
2111	5
2112	4
2113	0
2114	4
2115	5
2116	3
2117	0
2118	4
2119	3
2120	0
2121	4
2122	1
2123	1
2124	4
2125	0
2126	1
2127	2
2128	5
2129	5
2130	4
2131	5
2132	0
2133	0
2134	4
2135	1
2136	3
2137	0
2138	2
2139	3
2140	4
2141	2
2142	1
2143	3
2144	4
2145	4
2146	4
2147	2
2148	2
2149	1
2150	2
2151	1
2152	4
2153	1
2154	5
2155	3
2156	1
2157	4
2158	1
2159	2
2160	1
2161	0
2162	1
2163	3
2164	1
2165	5
2166	4
2167	2
2168	5
2169	5
2170	1
2171	0
2172	5
2173	5
2174	1
2175	2
2176	2
2177	5
2178	1
2179	1
2180	5
2181	5
2182	1
2183	1
2184	2
2185	2
2186	2
2187	0
2188	0
2189	0
2190	0
2191	5
2192	1
2193	0
2194	5
2195	1
2196	5
2197	4
2198	1
2199	4
2200	5
2201	1
2202	5
2203	2
2204	3
2205	2
2206	5
2207	1
2208	3
2209	1
2210	5
2211	0
2212	3
2213	3
2214	0
2215	4
2216	4
2217	2
2218	1
2219	5
2220	2
2221	5
2222	1
2223	0
2224	2
2225	2
2226	1
2227	1
2228	0
2229	3
2230	3
2231	2
2232	4
2233	0
2234	3
2235	0
2236	1
2237	5
2238	0
2239	1
2240	5
2241	5
2242	2
2243	0
2244	0
2245	2
2246	1
2247	1
2248	4
2249	3
2250	1
2251	0
2252	0
2253	5
2254	5
2255	1
2256	1
2257	0
2258	3
2259	2
2260	4
2261	5
2262	1
2263	1
2264	0
2265	2
2266	2
2267	5
2268	1
2269	2
2270	2
2271	0
2272	0
2273	5
2274	1
2275	2
2276	2
2277	0
2278	2
2279	4
2280	0
2281	3
2282	4
2283	4
2284	2
2285	2
2286	4
2287	3
2288	1
2289	1
2290	4
2291	4
2292	1
2293	0
2294	2
2295	1
2296	0
2297	1
2298	0
2299	2
2300	5
2301	5
2302	3
2303	1
2304	2
2305	0
2306	4
2307	1
2308	1
2309	2
2310	3
2311	4
2312	4
2313	0
2314	1
2315	4
2316	0
2317	0
2318	1
2319	4
2320	2
2321	1
2322	2
2323	0
2324	4
2325	4
2326	4
2327	5
2328	1
2329	3
2330	0
2331	1
2332	5
2333	2
2334	2
2335	1
2336	5
2337	0
2338	2
2339	4
2340	1
2341	2
2342	5
2343	1
2344	4
2345	5
2346	5
2347	1
2348	5
2349	5
2350	4
2351	5
2352	0
2353	2
2354	2
2355	0
2356	1
2357	0
2358	5
2359	1
2360	1
2361	2
2362	1
2363	5
2364	3
2365	2
2366	4
2367	1
2368	0
2369	1
2370	5
2371	4
2372	2
2373	2
2374	2
2375	4
2376	0
2377	2
2378	1
2379	1
2380	5
2381	4
2382	5
2383	2
2384	5
2385	0
2386	2
2387	1
2388	2
2389	1
2390	2
2391	2
2392	3
2393	2
2394	0
2395	4
2396	4
2397	2
2398	4
2399	1
2400	4
2401	5
2402	2
2403	0
2404	5
2405	4
2406	2
2407	5
2408	1
2409	1
2410	0
2411	1
2412	2
2413	5
2414	4
2415	5
2416	3
2417	1
2418	2
2419	3
2420	5
2421	2
2422	0
2423	2
2424	3
2425	3
2426	2
2427	1
2428	5
2429	0
2430	2
2431	1
2432	4
2433	5
2434	2
2435	1
2436	0
2437	5
2438	1
2439	3
2440	2
2441	5
2442	0
2443	0
2444	5
2445	4
2446	1
2447	0
2448	1
2449	3
2450	1
2451	5
2452	2
2453	4
2454	2
2455	2
2456	0
2457	2
2458	2
2459	4
2460	1
2461	4
2462	0
2463	1
2464	0
2465	1
2466	1
2467	3
2468	0
2469	0
2470	1
2471	5
2472	1
2473	2
2474	2
2475	1
2476	1
2477	1
2478	0
2479	2
2480	4
2481	5
2482	1
2483	5
2484	1
2485	3
2486	5
2487	0
2488	3
2489	5
2490	1
2491	1
2492	2
2493	1
2494	4
2495	5
2496	1
2497	1
2498	4
2499	0
2500	3
2501	4
2502	2
2503	4
2504	2
2505	2
2506	2
2507	0
2508	0
2509	0
2510	1
2511	0
2512	5
2513	0
2514	2
2515	4
2516	1
2517	5
2518	1
2519	1
2520	5
2521	4
2522	1
2523	4
2524	4
2525	2
2526	1
2527	0
2528	2
2529	0
2530	0
2531	2
2532	0
2533	2
2534	3
2535	0
2536	4
2537	2
2538	5
2539	0
2540	0
2541	2
2542	1
2543	3
2544	2
2545	2
2546	4
2547	0
2548	1
2549	0
2550	2
2551	5
2552	5
2553	5
2554	1
2555	1
2556	2
2557	1
2558	0
2559	4
2560	5
2561	3
2562	5
2563	1
2564	3
2565	4
2566	1
2567	1
2568	0
2569	2
2570	2
2571	1
2572	0
2573	0
2574	5
2575	0
2576	5
2577	0
2578	5
2579	1
2580	4
2581	1
2582	5
2583	4
2584	4
2585	4
2586	1
2587	1
2588	5
2589	0
2590	5
2591	4
2592	2
2593	0
2594	2
2595	3
2596	2
2597	2
2598	5
2599	1
2600	2
2601	5
2602	4
2603	0
2604	5
2605	4
2606	4
2607	1
2608	2
2609	5
2610	4
2611	1
2612	1
2613	2
2614	1
2615	2
2616	4
2617	4
2618	1
2619	4
2620	5
2621	1
2622	0
2623	2
2624	3
2625	4
2626	4
2627	3
2628	0
2629	0
2630	3
2631	5
2632	5
2633	1
2634	2
2635	5
2636	1
2637	1
2638	2
2639	4
2640	2
2641	5
2642	4
2643	3
2644	2
2645	0
2646	2
2647	4
2648	4
2649	2
2650	2
2651	0
2652	4
2653	0
2654	2
2655	3
2656	2
2657	4
2658	0
2659	3
2660	4
2661	2
2662	0
2663	0
2664	4
2665	2
2666	2
2667	5
2668	0
2669	5
2670	1
2671	5
2672	0
2673	5
2674	5
2675	5
2676	2
2677	1
2678	3
2679	4
2680	4
2681	0
2682	0
2683	3
2684	0
2685	5
2686	0
2687	1
2688	1
2689	0
2690	2
2691	0
2692	2
2693	1
2694	1
2695	1
2696	0
2697	5
2698	2
2699	5
2700	2
2701	0
2702	5
2703	0
2704	0
2705	1
2706	0
2707	2
2708	2
2709	4
2710	4
2711	1
2712	2
2713	5
2714	1
2715	1
2716	4
2717	2
2718	1
2719	1
2720	2
2721	5
2722	4
2723	2
2724	3
2725	4
2726	5
2727	0
2728	1
2729	1
2730	1
2731	4
2732	1
2733	1
2734	2
2735	4
2736	0
2737	5
2738	1
2739	0
2740	4
2741	0
2742	5
2743	4
2744	3
2745	1
2746	0
2747	1
2748	3
2749	2
2750	1
2751	5
2752	3
2753	1
2754	3
2755	3
2756	4
2757	0
2758	1
2759	1
2760	4
2761	2
2762	1
2763	1
2764	5
2765	2
2766	5
2767	5
2768	2
2769	4
2770	5
2771	2
2772	3
2773	0
2774	5
2775	5
2776	1
2777	5
2778	2
2779	4
2780	5
2781	2
2782	2
2783	0
2784	0
2785	2
2786	4
2787	0
2788	0
2789	2
2790	0
2791	0
2792	0
2793	5
2794	4
2795	5
2796	2
2797	4
2798	3
2799	1
2800	2
2801	2
2802	4
2803	1
2804	5
2805	2
2806	4
2807	2
2808	1
2809	3
2810	2
2811	0
2812	1
2813	5
2814	2
2815	1
2816	2
2817	0
2818	5
2819	0
2820	2
2821	3
2822	4
2823	1
2824	2
2825	1
2826	4
2827	5
2828	5
2829	1
2830	0
2831	5
2832	4
2833	0
2834	3
2835	5
2836	0
2837	1
2838	3
2839	2
2840	1
2841	0
2842	1
2843	0
2844	1
2845	1
2846	0
2847	5
2848	4
2849	5
2850	5
2851	5
2852	2
2853	2
2854	4
2855	5
2856	5
2857	2
2858	1
2859	0
2860	4
2861	3
2862	5
2863	2
2864	1
2865	1
2866	0
2867	5
2868	5
2869	4
2870	2
2871	0
2872	5
2873	1
2874	4
2875	1
2876	2
2877	2
2878	5
2879	2
2880	0
2881	0
2882	0
2883	3
2884	3
2885	0
2886	4
2887	5
2888	0
2889	5
2890	1
2891	5
2892	0
2893	4
2894	2
2895	1
2896	1
2897	0
2898	1
2899	4
2900	2
2901	1
2902	2
2903	0
2904	1
2905	2
2906	3
2907	0
2908	0
2909	0
2910	4
2911	2
2912	5
2913	2
2914	2
2915	4
2916	1
2917	5
2918	0
2919	1
2920	0
2921	0
2922	5
2923	3
2924	4
2925	1
2926	3
2927	0
2928	2
2929	0
2930	2
2931	4
2932	0
2933	5
2934	0
2935	4
2936	1
2937	2
2938	1
2939	2
2940	1
2941	3
2942	5
2943	4
2944	4
2945	5
2946	2
2947	0
2948	1
2949	1
2950	2
2951	5
2952	0
2953	4
2954	4
2955	2
2956	2
2957	5
2958	5
2959	1
2960	4
2961	5
2962	2
