4	771
5	168
5	2074
6	2379
6	2526
10	196
10	595
10	1069
10	1495
10	2360
10	2427
11	2836
13	222
13	1453
14	80
14	83
15	430
15	1219
16	627
16	2653
19	278
21	2150
22	739
22	1156
22	2960
23	2209
29	2005
30	372
32	42
33	117
33	261
33	1236
34	28
35	244
35	2696
36	154
36	360
36	947
36	1130
36	1310
36	1356
36	1377
36	1443
36	1786
36	2035
36	2560
36	2632
36	2813
36	2889
36	2891
36	2922
38	363
39	834
39	2375
41	1298
41	2340
43	307
43	596
44	2534
45	593
45	2746
46	1199
46	2740
49	633
50	830
53	913
55	1503
57	403
57	408
57	517
57	566
57	1001
57	1737
57	1988
59	2721
62	1995
62	2160
64	874
64	2048
64	2284
65	719
65	723
65	2044
68	1120
69	1060
70	424
73	2518
74	20
77	379
77	1292
77	1536
78	2177
78	2413
83	890
83	1159
83	1998
89	34
89	2441
89	2795
90	1271
90	1618
91	2506
93	2606
98	820
100	2693
102	255
103	485
103	2187
105	2501
106	155
107	450
107	593
107	837
107	879
107	1172
107	1568
107	1805
107	1837
107	1840
107	1896
107	2487
107	2932
108	2796
109	210
114	54
117	672
117	741
117	1737
119	808
121	2358
123	75
123	2596
126	866
126	1099
126	1165
126	1273
126	2293
126	2784
127	523
127	2812
129	1623
129	2385
130	2056
131	292
131	1586
132	1349
133	393
134	227
134	918
134	1279
134	2666
136	297
136	1467
137	340
137	704
141	2875
143	229
143	2854
144	2832
146	627
147	12
147	2279
147	2916
148	1972
148	2425
149	190
149	1252
149	1254
149	2161
151	2857
153	958
157	2696
158	2394
160	1691
161	112
161	526
161	768
161	779
161	1214
161	1492
161	1630
162	266
162	422
162	1038
162	2126
164	1203
165	664
165	1471
165	1493
165	2607
166	628
166	1151
166	2502
167	1813
169	783
169	997
169	1228
169	1540
169	1792
169	2356
169	2475
169	2490
170	2351
171	1140
171	1673
171	1807
171	2433
172	1146
173	841
173	2162
175	2662
180	2642
181	1390
182	603
184	587
184	1268
184	1916
184	1948
184	2319
184	2756
185	2624
186	208
186	433
189	1342
191	1196
191	1523
192	867
192	1076
192	1833
193	456
193	1562
193	2110
193	2379
194	1111
195	127
195	523
195	1259
195	1318
195	1387
195	1665
195	2263
195	2268
195	2812
196	10
196	634
196	1069
197	124
198	240
198	265
198	492
198	719
198	2159
198	2502
198	2761
198	2778
198	2789
198	2814
198	2930
200	2185
205	479
206	314
206	563
206	1047
207	2068
210	597
212	2492
212	2550
213	2871
214	2356
214	2430
215	451
215	2959
217	1342
218	2109
218	2207
220	479
220	969
222	2478
223	1935
224	2248
224	2944
225	541
225	1890
228	2376
228	2871
230	53
230	213
230	2218
230	2370
230	2447
231	935
231	1930
232	96
233	1151
233	1498
234	2071
235	613
235	1406
236	2099
237	2627
238	719
238	753
241	2212
241	2734
241	2834
244	35
244	1169
244	1364
244	1405
245	6
245	99
245	193
245	456
245	516
245	644
245	731
245	860
245	901
245	1013
245	1098
245	1269
245	1485
245	1693
245	1762
245	1892
245	1934
245	2061
245	2110
245	2247
245	2268
245	2379
245	2431
245	2475
245	2510
245	2526
245	2579
245	2618
245	2719
247	696
248	266
248	730
248	2179
250	1246
251	270
252	1793
254	2072
256	390
258	1156
260	2540
261	672
261	741
261	1004
261	1737
262	31
262	58
262	1029
262	1259
262	1508
262	1519
262	2597
262	2933
263	414
264	383
264	1802
265	381
265	2377
267	652
267	2208
269	200
269	349
269	797
269	1365
269	2185
269	2646
271	2377
272	226
272	546
275	2615
276	890
278	2109
279	1581
279	2141
280	569
280	1246
280	1306
280	1604
280	1606
280	1892
280	2815
280	2890
281	1095
284	1212
285	2090
285	2571
288	311
288	324
289	196
289	681
289	931
289	995
289	1069
289	2274
289	2360
289	2427
290	1476
290	1875
291	1361
294	1431
297	953
299	2507
301	433
303	71
305	705
305	1181
306	2873
308	1000
308	1546
308	2086
309	464
310	627
312	1804
312	2903
313	2517
316	595
321	637
322	420
323	18
323	342
323	512
323	978
323	1265
323	2264
323	2888
328	822
328	1399
329	139
329	2654
330	179
330	678
331	2328
333	1358
334	1155
336	1520
340	1606
341	2335
341	2644
341	2766
342	1292
342	1866
342	2188
342	2791
343	462
343	2020
343	2509
344	2681
345	1134
347	1987
348	430
349	200
349	2185
351	1342
352	109
352	597
354	111
356	1292
356	1536
356	2934
359	832
360	748
360	1062
361	391
361	450
361	557
361	882
361	1123
361	1527
361	2487
361	2499
366	789
367	414
369	1740
369	2677
371	2913
372	30
373	885
374	1895
375	2457
375	2623
376	416
376	739
376	787
376	1035
376	1229
376	1725
376	2291
376	2924
377	1037
378	1511
378	2222
380	2043
382	1971
384	2356
385	2268
386	2004
392	150
392	804
392	827
392	1139
392	2826
393	1862
394	1084
394	2190
395	1083
396	2602
396	2647
397	795
398	52
398	453
398	992
400	345
400	998
402	297
402	320
402	757
402	1047
402	1326
402	1516
402	1904
402	2122
404	2402
405	1731
406	753
408	517
409	2238
412	793
413	2605
413	2794
416	94
416	1539
416	1725
416	1732
416	1891
416	2935
417	2403
418	139
419	502
419	636
419	993
419	1252
419	1433
419	1651
420	113
421	2004
423	1521
424	70
425	1830
425	2048
426	1586
427	559
427	1097
427	1738
427	1970
427	2437
427	2651
428	112
428	908
429	1211
429	1879
432	464
434	2508
436	1263
437	558
437	2710
439	219
441	1081
441	2488
441	2772
441	2809
443	117
443	261
444	1933
445	2134
452	1227
453	398
453	1989
454	295
454	1559
455	1125
455	1890
457	1355
458	377
458	1037
459	1110
460	2109
461	1241
465	1194
466	1830
468	389
468	916
471	1169
471	2552
472	646
475	947
477	375
478	265
478	1666
478	2531
478	2708
481	1726
489	2900
490	636
490	1252
490	2653
493	28
493	2938
494	1538
495	1308
499	1586
501	1192
503	1395
504	166
508	172
508	901
508	1146
508	1259
508	2250
508	2347
508	2621
508	2714
509	389
509	903
509	1594
509	1613
509	1673
509	1814
509	1825
509	1886
509	2221
509	2941
515	2852
518	1466
519	2721
521	96
522	2399
523	2263
523	2466
523	2812
524	1915
525	23
525	2655
526	768
528	675
528	1581
528	2141
528	2511
528	2715
529	6
529	456
529	516
529	910
529	1562
529	1995
529	2110
529	2379
529	2475
529	2490
529	2526
530	2217
533	2951
534	476
534	1710
536	582
537	1965
538	2739
538	2892
539	2507
542	1801
542	1921
542	2494
542	2832
543	1195
544	1111
544	2041
545	1324
545	1564
545	2435
548	790
549	1123
550	363
552	2603
553	137
553	2201
554	808
555	64
555	75
555	372
555	1694
555	2032
555	2048
555	2066
555	2962
556	1923
558	1076
558	1833
560	1465
561	2564
562	440
563	856
563	2686
564	628
564	703
564	1028
564	1151
564	1575
564	2096
564	2502
566	2335
567	625
567	2099
568	1249
570	1076
571	1986
572	2291
572	2342
573	2551
575	2471
576	1818
577	1025
578	0
582	118
582	2243
583	551
583	2903
585	2424
586	2293
588	1196
588	1485
588	1523
589	1494
591	1138
591	1337
592	209
592	780
598	363
598	550
598	703
598	1610
598	1705
599	79
599	1875
599	2491
600	1708
600	2859
601	719
601	1806
602	498
602	2286
607	1890
613	2609
616	255
616	1502
618	107
619	787
619	2088
619	2523
620	200
620	349
620	1335
620	1365
620	2646
621	1083
621	1319
623	567
626	2559
629	637
631	941
632	2327
634	1055
634	2360
640	2896
645	3
648	1265
648	1870
648	2577
648	2743
651	2061
653	1292
654	1983
655	438
655	2031
655	2281
655	2543
657	2342
659	1358
661	2264
666	2109
666	2207
667	568
667	1617
668	1045
669	1412
670	60
673	1389
673	1647
674	24
674	56
674	101
674	202
674	347
674	422
674	1102
674	1845
674	2219
674	2515
675	279
675	2511
676	2434
679	259
685	1061
685	1223
685	1488
685	1656
686	2372
687	2187
689	7
689	1240
689	1961
689	2147
689	2455
691	2329
692	1033
694	610
694	1161
694	1462
695	201
697	1342
698	318
701	622
702	379
702	422
702	1583
702	2583
706	128
706	1081
706	1175
706	1832
708	2860
709	1898
713	457
714	1305
717	1489
721	1695
721	1958
721	2120
722	1946
725	672
725	1232
725	1236
725	1239
725	1737
725	1767
725	2386
725	2502
727	737
727	1012
727	1079
728	843
731	860
731	2061
731	2268
731	2567
731	2745
732	1125
734	2275
734	2570
737	1079
737	1595
737	2483
739	2960
742	150
745	863
746	967
747	1848
748	475
748	1245
748	1316
749	771
750	2722
752	1670
754	159
754	347
754	739
754	834
754	1005
754	1280
754	1401
754	1652
754	2869
754	2960
755	293
756	751
758	747
758	1557
758	1848
759	1410
761	1342
762	1496
762	2734
763	1621
765	711
765	958
766	1501
766	1846
767	688
768	77
768	356
772	338
773	1391
774	111
774	354
774	412
774	1591
774	1670
774	2466
774	2842
776	1173
777	900
777	1927
778	776
778	1173
778	2533
779	908
781	140
782	604
784	1195
787	2088
789	1264
790	548
791	1907
791	2557
794	848
796	707
796	1278
796	1423
796	1571
796	2137
796	2908
799	2955
804	808
805	204
806	432
807	1872
810	2202
811	1512
815	656
818	143
818	1720
818	2854
819	2057
820	2316
820	2410
820	2817
821	413
821	1448
828	730
828	1298
828	1448
828	1735
828	1879
828	2491
828	2762
830	1223
831	2118
833	1009
835	1131
835	1419
835	1459
835	2756
836	786
839	1007
839	2497
840	514
843	1697
845	2775
846	854
847	2003
847	2194
849	2452
853	473
853	1115
853	1165
853	1172
853	1570
853	1805
853	1896
853	2037
853	2272
853	2469
853	2658
853	2784
853	2790
853	2932
855	1415
857	2498
862	636
864	2801
865	2453
867	1833
869	31
869	2138
870	1539
872	1136
873	1600
873	1863
873	2325
875	1545
875	1645
875	1742
877	1441
877	2745
879	557
880	2422
883	520
883	665
883	766
883	893
883	1145
883	1501
883	2845
883	2895
884	734
884	1542
884	1795
884	1922
884	2570
886	813
887	2052
889	1623
889	2385
890	1749
892	469
894	1991
895	1073
897	457
897	1931
898	802
898	1133
898	2492
901	480
902	901
902	1055
902	1480
903	1449
904	2061
905	2637
906	2805
907	2030
909	112
910	6
910	456
910	2526
911	1911
911	2304
911	2502
913	209
914	253
914	1643
914	2149
915	1667
916	389
919	337
920	257
921	2411
922	249
924	1573
924	1614
926	319
927	1709
928	94
928	831
928	1781
929	1223
929	1488
929	2183
930	1200
930	2619
931	2109
933	1229
934	2116
936	1980
938	224
938	1821
939	349
939	797
939	1365
939	2185
939	2544
940	236
940	295
940	527
940	1127
940	1215
940	1608
946	1997
947	359
948	429
948	2416
949	365
950	2069
951	1280
952	1144
952	1809
952	1919
953	2507
956	518
957	1184
957	1345
957	1711
960	487
961	1791
963	1140
963	1947
963	2287
963	2663
963	2961
964	393
966	681
966	901
966	902
966	1493
966	2360
966	2427
966	2776
969	479
970	1167
972	1252
972	1353
973	60
974	250
974	354
974	523
974	595
974	681
974	733
974	764
974	1010
974	1069
974	1562
974	1762
974	1888
974	1892
974	1908
974	2061
974	2073
974	2503
974	2559
974	2579
974	2587
974	2899
977	499
977	730
977	1298
977	1879
977	2491
977	2637
978	661
978	1327
978	2743
978	2881
979	1821
979	1901
980	332
980	2290
982	253
982	1272
982	1358
982	1639
982	1643
982	1687
982	2149
983	1233
983	2522
983	2563
986	905
986	2637
987	1067
987	1329
988	615
988	1400
989	738
989	1008
991	913
994	2552
995	10
995	196
995	289
995	931
995	1069
995	2274
995	2360
995	2427
996	228
999	1082
1001	403
1001	517
1002	47
1004	741
1004	1110
1005	1426
1007	2714
1009	389
1011	1397
1018	88
1018	567
1019	959
1021	925
1023	1193
1024	273
1029	67
1029	508
1029	1259
1029	1770
1029	2745
1031	1337
1032	1434
1034	2934
1036	401
1037	458
1037	1398
1039	410
1042	2805
1043	2328
1044	2498
1047	972
1047	1353
1048	1612
1049	861
1050	130
1050	2056
1052	1353
1053	726
1053	1648
1054	483
1054	1032
1054	1734
1054	2250
1056	2677
1058	429
1058	1078
1058	1223
1058	1488
1058	1508
1058	2183
1058	2359
1058	2873
1060	464
1062	359
1062	832
1062	947
1062	1443
1062	1750
1062	2035
1062	2560
1062	2631
1063	1221
1063	1949
1064	37
1064	599
1064	719
1064	828
1064	929
1064	1687
1064	1832
1064	2491
1064	2497
1064	2721
1064	2828
1065	2424
1066	173
1066	747
1066	901
1066	1149
1066	2250
1069	1495
1069	2360
1069	2427
1070	412
1070	1591
1070	1908
1070	2123
1071	499
1071	1586
1071	2497
1074	6
1074	99
1074	245
1074	278
1074	385
1074	456
1074	516
1074	518
1074	523
1074	644
1074	731
1074	860
1074	901
1074	1762
1074	1892
1074	1977
1074	2209
1074	2247
1074	2263
1074	2269
1074	2356
1074	2431
1074	2475
1074	2490
1074	2812
1074	2890
1077	346
1078	467
1078	1488
1078	2465
1078	2612
1078	2745
1078	2812
1078	2873
1079	852
1079	1595
1079	2483
1081	441
1081	859
1081	955
1081	1222
1081	2809
1081	2862
1084	2190
1085	488
1085	1301
1085	1948
1085	2291
1085	2756
1085	2874
1087	1910
1088	1869
1088	2588
1090	91
1090	1638
1090	2569
1091	302
1092	1682
1094	2103
1097	1970
1097	2651
1098	6
1098	2268
1098	2379
1098	2526
1101	729
1101	829
1104	2256
1105	457
1105	897
1106	2040
1106	2921
1107	2102
1108	183
1108	1510
1109	400
1109	998
1109	2152
1113	1425
1114	357
1114	1551
1114	1599
1115	782
1116	174
1119	411
1122	243
1124	1197
1125	266
1125	422
1125	1038
1125	2126
1126	639
1126	1086
1128	1941
1129	2508
1133	802
1133	2492
1135	327
1135	1174
1135	1899
1137	1651
1139	2826
1140	394
1140	2190
1141	593
1142	113
1143	2667
1145	92
1145	664
1145	730
1145	1383
1145	2845
1147	1117
1150	282
1151	703
1152	1533
1154	2950
1155	334
1157	1034
1158	2015
1159	1749
1160	620
1160	781
1160	797
1161	610
1162	387
1162	2182
1164	2288
1167	871
1170	2903
1171	2190
1172	435
1172	812
1172	1022
1172	1445
1172	2573
1172	2836
1174	584
1177	2477
1177	2765
1178	2401
1180	2338
1184	135
1185	613
1185	914
1185	2049
1187	2353
1190	37
1190	783
1193	9
1193	733
1193	2808
1193	2949
1198	1586
1198	1644
1198	2367
1198	2621
1200	1199
1200	1781
1201	1456
1201	1483
1202	1831
1205	993
1206	2163
1206	2749
1208	2585
1209	641
1209	1066
1209	1552
1209	1677
1209	1907
1209	2828
1209	2925
1210	39
1210	885
1211	1488
1214	1165
1215	885
1215	1420
1215	1500
1216	603
1217	151
1217	2857
1218	2483
1218	2945
1222	635
1222	955
1222	2606
1224	37
1224	1220
1224	1279
1224	1860
1224	1907
1224	2557
1224	2571
1224	2873
1225	2848
1226	942
1230	817
1232	2502
1235	1608
1235	1810
1237	394
1242	792
1242	2094
1243	1681
1244	1272
1245	737
1246	250
1247	1433
1248	2382
1250	1076
1252	1254
1253	663
1253	1623
1253	2252
1255	2418
1258	1376
1259	100
1259	2061
1259	2758
1262	138
1265	174
1265	1116
1268	1229
1269	99
1269	456
1269	516
1269	764
1269	860
1269	1740
1269	1934
1269	2247
1269	2269
1269	2431
1269	2475
1269	2490
1269	2890
1274	2042
1276	2611
1277	2956
1278	335
1278	485
1278	866
1278	1083
1278	1157
1278	1191
1278	2137
1278	2187
1278	2572
1282	1757
1283	381
1283	1346
1283	2377
1283	2502
1284	2784
1285	27
1285	2626
1288	59
1288	822
1288	1164
1288	1399
1288	2009
1288	2288
1288	2411
1288	2448
1289	113
1293	119
1293	216
1294	141
1294	1950
1294	2397
1294	2698
1295	56
1297	398
1297	453
1297	1428
1297	1989
1297	2744
1299	211
1302	1017
1303	1298
1306	181
1307	20
1309	274
1311	1357
1311	1505
1311	2355
1311	2706
1312	2721
1313	2018
1314	611
1314	696
1314	814
1317	1273
1321	1921
1323	1036
1323	1825
1323	2509
1325	1823
1325	1874
1325	2541
1325	2732
1330	1761
1331	2532
1332	1412
1333	2841
1336	785
1338	697
1338	1932
1339	913
1340	1719
1341	812
1341	2573
1341	2662
1350	620
1354	1656
1359	64
1359	2135
1360	2903
1362	2159
1363	150
1363	827
1364	1169
1366	1737
1367	1994
1368	2295
1369	1014
1369	1470
1369	1561
1369	2047
1369	2728
1371	296
1371	1914
1371	2417
1373	61
1373	222
1373	502
1373	757
1373	767
1373	1299
1373	2523
1373	2864
1374	1427
1374	1480
1378	757
1378	932
1380	1675
1380	2336
1381	944
1381	985
1382	1742
1385	1651
1386	1616
1388	734
1388	1542
1388	1795
1388	1922
1388	2570
1392	2638
1393	185
1393	2624
1393	2754
1394	1608
1396	225
1399	1164
1402	1616
1408	1633
1411	830
1411	929
1411	1061
1411	1223
1411	1488
1413	2286
1416	2214
1417	1376
1423	140
1423	620
1423	781
1423	1885
1427	1480
1428	398
1428	2125
1429	1743
1429	2359
1430	355
1431	2649
1431	2905
1432	199
1435	901
1435	1493
1435	2470
1436	1317
1436	2442
1436	2841
1437	535
1437	2846
1438	59
1438	977
1438	1312
1438	1686
1438	1913
1438	2123
1438	2517
1438	2721
1439	2777
1440	784
1441	99
1441	901
1441	1580
1441	1888
1442	347
1443	359
1443	947
1443	2035
1443	2631
1444	2304
1444	2808
1445	2573
1446	2415
1447	1842
1450	1147
1450	1375
1450	1409
1450	2154
1451	262
1451	1508
1452	826
1453	2757
1454	231
1454	1930
1458	1468
1458	2476
1459	1373
1459	1401
1459	1798
1460	1344
1460	1666
1461	1818
1465	560
1471	901
1471	1547
1471	1580
1471	1735
1471	2745
1472	2650
1473	240
1473	408
1473	492
1473	2084
1474	2268
1477	250
1477	369
1477	644
1477	1092
1477	1246
1477	1590
1477	1682
1477	1892
1477	1977
1477	2091
1477	2493
1478	422
1478	497
1479	2188
1479	2791
1479	2907
1482	1006
1484	2639
1485	1488
1485	1892
1486	2592
1487	2261
1488	1061
1488	1223
1490	10
1490	196
1490	289
1490	316
1490	595
1490	634
1490	681
1490	995
1490	1501
1490	2274
1493	997
1493	1730
1496	762
1504	2356
1506	1668
1506	2479
1507	565
1508	58
1508	341
1508	764
1508	2163
1508	2391
1509	2900
1511	856
1511	888
1511	2223
1511	2686
1513	283
1514	431
1514	606
1514	612
1514	682
1514	1317
1514	1385
1514	2934
1515	1622
1516	1326
1518	275
1518	923
1518	2285
1518	2615
1520	1596
1524	1556
1524	1784
1524	2008
1525	493
1526	125
1526	707
1526	990
1526	2125
1526	2225
1528	720
1529	596
1529	619
1529	1539
1530	64
1530	372
1530	2048
1530	2066
1532	1093
1534	705
1535	2366
1540	783
1540	2292
1541	1353
1542	1922
1543	899
1544	1035
1549	2910
1550	1093
1552	1569
1552	1699
1552	2367
1553	678
1554	35
1555	1545
1557	1343
1557	2297
1558	688
1559	295
1559	454
1560	41
1560	62
1560	65
1560	216
1560	327
1560	584
1560	901
1560	977
1560	1029
1560	1174
1560	1259
1560	1318
1560	1455
1560	1466
1560	1564
1560	1567
1560	1770
1560	1995
1560	2160
1560	2210
1560	2345
1560	2820
1560	2872
1561	2076
1563	1045
1565	291
1565	868
1565	1361
1565	2135
1565	2755
1565	2776
1566	1292
1567	771
1568	2658
1571	2277
1572	450
1572	452
1572	557
1572	593
1572	853
1572	1172
1572	1256
1572	1568
1572	1663
1572	1896
1572	2001
1572	2507
1572	2658
1572	2746
1572	2885
1577	304
1578	264
1579	1752
1580	901
1580	1735
1580	2109
1580	2207
1582	1826
1583	2366
1583	2652
1585	2572
1587	86
1587	2267
1588	511
1589	163
1589	2720
1590	6
1590	12
1590	19
1590	99
1590	122
1590	196
1590	278
1590	369
1590	385
1590	456
1590	516
1590	518
1590	523
1590	532
1590	595
1590	638
1590	666
1590	681
1590	711
1590	764
1590	854
1590	860
1590	901
1590	1010
1590	1075
1590	1120
1590	1204
1590	1233
1590	1269
1590	1414
1590	1435
1590	1475
1590	1477
1590	1485
1590	1493
1590	1562
1590	1606
1590	1682
1590	1693
1590	1752
1590	1858
1590	1892
1590	1924
1590	1934
1590	1995
1590	2016
1590	2061
1590	2067
1590	2073
1590	2107
1590	2110
1590	2153
1590	2162
1590	2192
1590	2247
1590	2269
1590	2341
1590	2356
1590	2360
1590	2465
1590	2475
1590	2477
1590	2490
1590	2493
1590	2510
1590	2522
1590	2526
1590	2579
1590	2581
1590	2618
1590	2693
1590	2705
1590	2719
1590	2750
1590	2803
1590	2812
1590	2814
1590	2815
1590	2840
1590	2890
1591	111
1592	2229
1593	1027
1593	1100
1593	1990
1593	2014
1593	2793
1594	55
1594	389
1594	653
1594	833
1594	915
1594	1009
1594	1107
1594	1189
1594	1322
1594	1667
1594	1814
1594	1878
1594	2000
1594	2173
1594	2436
1594	2507
1594	2703
1594	2821
1595	852
1595	1079
1597	196
1597	634
1597	681
1597	766
1597	883
1597	901
1597	902
1597	931
1597	995
1597	1493
1597	2274
1597	2360
1597	2427
1597	2776
1597	2940
1598	176
1601	617
1602	2939
1605	67
1605	412
1605	496
1605	660
1605	770
1605	1591
1605	2123
1605	2438
1605	2842
1608	308
1608	1000
1608	2649
1609	551
1612	955
1613	1814
1613	1878
1613	2851
1615	1075
1616	120
1618	166
1618	912
1618	1864
1618	2224
1619	200
1619	349
1619	1267
1619	1365
1619	2185
1619	2646
1625	2202
1625	2336
1626	2688
1627	47
1627	1002
1628	1342
1628	2939
1629	624
1630	77
1630	95
1630	356
1630	485
1630	500
1630	721
1630	1034
1630	1107
1630	1157
1630	1278
1630	1292
1630	1534
1630	1571
1630	1822
1630	2187
1630	2443
1630	2851
1630	2907
1632	2300
1634	648
1634	1265
1635	406
1635	1066
1635	1455
1637	861
1637	1213
1637	2415
1638	2569
1640	506
1641	690
1641	2572
1642	1047
1645	1624
1649	1620
1649	1725
1651	636
1653	1223
1653	1488
1653	2497
1654	342
1654	1044
1655	242
1655	300
1658	2861
1659	1252
1659	1707
1659	2736
1660	800
1661	1116
1661	1265
1662	1489
1664	1279
1665	1318
1667	643
1668	90
1668	104
1668	381
1668	1346
1668	2377
1668	2504
1669	140
1669	2277
1670	111
1670	354
1670	1422
1670	1476
1670	2842
1671	2718
1672	518
1672	1816
1674	241
1674	762
1674	1515
1675	2336
1677	764
1677	1146
1677	1270
1677	1290
1677	2714
1678	81
1679	2383
1681	483
1681	1290
1681	2250
1681	2714
1682	1993
1686	350
1686	1325
1686	2517
1687	2497
1688	2521
1690	1153
1696	2890
1699	2347
1700	1599
1702	531
1704	1434
1704	2765
1706	2507
1707	1659
1707	2535
1712	2903
1714	901
1714	1547
1717	473
1719	1596
1720	2660
1720	2869
1721	2384
1722	1954
1722	1985
1724	1916
1725	1035
1726	2476
1727	733
1727	2250
1727	2347
1728	72
1728	447
1729	1059
1729	1938
1729	2675
1732	1725
1732	2935
1733	2254
1736	1994
1736	2555
1738	2437
1739	876
1739	950
1739	2462
1741	1607
1744	1165
1745	80
1745	217
1745	312
1745	1342
1747	1923
1748	965
1749	593
1750	359
1750	832
1750	2520
1751	231
1751	1930
1751	2283
1751	2648
1751	2769
1753	1871
1755	1583
1756	2921
1758	581
1759	987
1759	1329
1759	2770
1762	901
1762	2490
1764	1701
1764	2300
1764	2771
1768	1132
1769	482
1769	834
1769	1657
1769	1917
1769	2114
1769	2697
1770	901
1770	1120
1770	1562
1770	2263
1771	1348
1772	510
1773	1809
1774	60
1774	238
1774	747
1774	1324
1774	1848
1775	40
1775	650
1775	2180
1776	1799
1776	2256
1776	2698
1776	2789
1776	2930
1778	2553
1779	582
1779	796
1779	2238
1779	2549
1779	2622
1781	1199
1782	315
1782	1087
1782	1458
1782	1468
1782	1536
1782	1910
1784	1384
1786	142
1787	943
1788	2330
1789	1873
1789	1979
1790	642
1790	716
1792	2292
1793	210
1793	352
1793	597
1796	1716
1797	975
1799	2778
1801	1921
1801	2494
1801	2832
1803	394
1808	580
1808	613
1808	914
1808	2165
1808	2726
1808	2912
1811	2464
1812	1179
1812	2214
1814	2234
1816	385
1816	1591
1817	1894
1819	457
1819	897
1820	1584
1822	1166
1822	1181
1824	422
1825	1036
1828	229
1828	1251
1830	744
1830	2902
1835	8
1835	536
1835	743
1835	851
1835	866
1835	890
1835	903
1835	1080
1835	1083
1835	1252
1835	1260
1835	1275
1835	1278
1835	1291
1835	1334
1835	1384
1835	1385
1835	1449
1835	1479
1835	1698
1835	1744
1835	1746
1835	1812
1835	1829
1835	1896
1835	1998
1835	2026
1835	2063
1835	2078
1835	2113
1835	2133
1835	2137
1835	2173
1835	2271
1835	2535
1835	2627
1835	2819
1835	2833
1835	2908
1835	2909
1837	311
1837	324
1839	579
1840	1036
1842	364
1842	1096
1843	1495
1844	2524
1847	1801
1847	1868
1851	528
1851	803
1852	2582
1853	120
1853	308
1853	1000
1853	1215
1853	1500
1853	2127
1853	2649
1854	14
1854	230
1854	561
1854	1238
1854	1273
1854	1519
1854	1777
1854	1831
1854	2095
1854	2125
1858	902
1858	1978
1858	2016
1858	2563
1858	2586
1858	2759
1865	809
1867	1318
1870	2521
1870	2616
1870	2880
1871	1184
1871	1711
1873	1112
1876	2332
1877	2917
1878	2221
1879	292
1879	1586
1880	617
1881	242
1881	300
1881	824
1881	971
1882	1464
1884	798
1885	140
1885	781
1885	2277
1886	1189
1886	1680
1886	2234
1886	2821
1887	1289
1891	1732
1892	1246
1893	407
1896	222
1897	1982
1899	584
1900	2473
1901	649
1901	979
1901	1821
1902	699
1902	878
1902	2364
1903	2906
1905	760
1906	255
1906	1502
1907	1270
1911	1362
1911	2502
1912	258
1912	1156
1914	296
1914	2417
1917	2009
1918	651
1918	1644
1918	2620
1920	246
1923	1856
1924	6
1924	456
1924	1120
1924	2379
1924	2526
1926	403
1926	1988
1926	2033
1928	286
1928	1783
1929	402
1929	1904
1931	97
1933	2402
1935	223
1936	2171
1937	901
1938	1059
1939	395
1939	2464
1940	66
1943	2385
1944	876
1944	1304
1945	2561
1947	394
1947	2509
1951	2162
1951	2625
1952	76
1952	1726
1952	2028
1953	1092
1956	152
1957	1264
1959	1991
1961	48
1961	2362
1963	513
1963	1962
1964	491
1964	1171
1964	1942
1966	1045
1967	2102
1969	2043
1970	2651
1972	148
1972	1481
1972	1955
1972	2425
1972	2561
1973	91
1974	1372
1975	1003
1975	1760
1977	2890
1981	149
1981	972
1981	1252
1981	1353
1983	710
1983	1051
1983	1421
1984	2007
1985	2179
1988	2377
1988	2502
1989	2125
1992	1286
1994	574
1998	593
1998	890
2000	2102
2001	853
2001	2469
2001	2628
2002	2720
2004	614
2006	1815
2011	784
2011	1780
2013	1360
2013	1683
2013	1715
2013	2547
2013	2689
2013	2838
2019	191
2019	901
2019	1196
2019	1488
2019	2109
2019	2470
2020	962
2021	51
2021	715
2022	2373
2023	1220
2023	1457
2023	1841
2024	139
2024	2654
2025	693
2027	2282
2029	2641
2032	2789
2032	2930
2034	358
2034	563
2034	888
2034	1227
2034	1511
2034	1581
2034	2337
2034	2682
2034	2686
2034	2757
2035	359
2037	782
2039	135
2042	1274
2045	1424
2046	2502
2050	1328
2050	2251
2051	465
2051	937
2053	2214
2054	789
2055	302
2055	626
2056	1050
2059	1274
2059	2040
2059	2042
2061	433
2061	614
2061	1030
2061	1296
2061	2477
2062	2211
2064	576
2064	1037
2064	2068
2065	1251
2067	2705
2070	777
2070	900
2070	1760
2070	1927
2070	2428
2071	671
2075	236
2075	567
2075	623
2075	625
2075	1685
2075	1703
2077	1933
2077	2402
2077	2661
2078	2113
2080	1207
2081	901
2081	1493
2081	2470
2082	368
2082	856
2083	295
2084	403
2084	492
2084	517
2084	1473
2085	1588
2087	1603
2088	1850
2089	2036
2092	757
2092	1165
2092	1717
2092	2244
2092	2469
2092	2701
2093	2136
2097	1327
2100	718
2101	63
2104	2464
2105	123
2106	483
2106	1032
2106	1734
2111	1763
2112	2146
2117	1404
2119	2534
2121	1845
2121	2802
2123	456
2125	453
2127	308
2127	2649
2128	507
2129	1982
2130	1229
2130	1280
2130	2291
2130	2924
2131	547
2132	608
2132	699
2132	878
2137	1034
2137	1083
2137	1157
2138	31
2139	588
2139	2952
2140	1419
2142	2687
2143	486
2144	726
2144	1648
2145	1089
2148	2824
2151	1104
2151	1346
2153	1204
2155	269
2155	747
2155	760
2155	781
2155	1350
2155	1379
2155	2212
2158	127
2158	609
2158	910
2158	1561
2158	1692
2158	2076
2158	2753
2160	1434
2160	1466
2163	917
2163	1066
2163	1121
2163	1564
2163	1576
2163	1694
2163	1788
2163	2160
2163	2226
2163	2330
2163	2443
2163	2749
2163	2933
2164	196
2164	595
2164	995
2164	1010
2164	1451
2164	1480
2164	1501
2164	2360
2164	2695
2164	2776
2165	1130
2166	2124
2167	295
2167	1391
2168	225
2168	1325
2169	5
2169	1766
2169	2074
2170	153
2171	962
2174	1043
2175	433
2175	614
2175	2840
2176	809
2176	1865
2178	456
2178	516
2181	153
2183	1223
2184	52
2185	241
2185	620
2185	781
2185	797
2185	1619
2186	744
2186	1830
2186	2135
2186	2390
2186	2749
2188	2791
2189	972
2189	1252
2191	976
2193	2323
2195	196
2195	289
2195	385
2195	456
2195	595
2195	681
2195	901
2195	931
2195	1414
2195	1435
2195	1490
2195	1493
2195	1858
2195	2019
2195	2081
2195	2192
2195	2360
2195	2427
2195	2470
2195	2493
2195	2526
2195	2745
2195	2750
2195	2803
2198	239
2200	946
2200	2486
2200	2847
2201	2496
2202	810
2202	1625
2203	1996
2204	1118
2205	1366
2206	1213
2206	2415
2210	191
2210	499
2210	828
2210	1174
2210	1298
2210	1586
2210	2491
2210	2497
2210	2828
2212	2834
2215	968
2216	742
2216	2585
2218	1838
2220	647
2220	2911
2222	2156
2223	856
2226	173
2226	841
2226	1699
2227	363
2228	252
2231	1889
2233	1607
2235	1274
2236	145
2237	469
2237	2601
2238	582
2238	1689
2239	372
2240	801
2241	2115
2242	564
2244	473
2244	1717
2245	1531
2246	37
2246	1057
2246	1220
2246	1279
2246	1860
2246	1907
2246	1960
2246	2721
2246	2873
2249	823
2249	2230
2249	2598
2251	1328
2254	1733
2255	289
2255	316
2255	595
2255	681
2255	902
2255	931
2255	1055
2255	1480
2255	2274
2255	2360
2255	2427
2255	2466
2255	2896
2257	298
2257	563
2257	851
2257	913
2257	1016
2257	1351
2257	1511
2257	2214
2257	2513
2257	2686
2257	2792
2257	2866
2258	1419
2259	2789
2260	2337
2262	1358
2264	1484
2265	647
2266	594
2270	17
2270	463
2270	505
2270	1031
2270	1138
2270	1287
2270	1337
2270	2010
2270	2545
2270	2700
2270	2723
2273	863
2274	316
2274	931
2274	1055
2274	2427
2276	2638
2278	2692
2280	2706
2285	1180
2287	2414
2289	1272
2291	739
2291	1229
2291	1725
2291	2960
2294	1391
2296	1623
2296	2881
2298	2934
2299	945
2301	641
2301	1387
2301	2250
2302	1777
2303	579
2305	549
2306	2350
2307	442
2307	1347
2307	1373
2307	1437
2308	2463
2309	1358
2310	1785
2311	1020
2311	2826
2312	25
2313	2591
2314	693
2314	2178
2315	488
2315	1268
2315	1301
2315	1948
2315	2291
2315	2756
2315	2874
2316	2410
2318	287
2320	459
2321	2493
2321	2940
2322	1757
2324	2642
2326	891
2326	1163
2326	2893
2331	429
2333	2494
2333	2832
2334	1705
2336	1015
2336	1041
2336	1675
2336	2348
2339	268
2341	1631
2341	2224
2344	579
2344	1839
2345	1007
2345	1354
2346	446
2346	1547
2346	2713
2349	302
2349	814
2349	1186
2349	2593
2352	1588
2354	838
2354	1999
2357	1415
2357	2787
2361	802
2361	2492
2369	1622
2371	82
2372	84
2372	1289
2372	2807
2374	662
2377	381
2378	196
2378	278
2378	595
2378	902
2378	2255
2378	2369
2380	221
2380	225
2380	775
2380	2131
2382	1231
2386	1236
2387	1412
2387	2197
2388	2065
2389	2823
2390	540
2394	362
2395	407
2396	787
2398	1857
2400	2282
2404	1125
2405	1720
2407	1345
2407	1636
2407	2253
2409	1016
2411	172
2411	1146
2411	1164
2411	2288
2411	2621
2413	370
2413	2177
2416	1968
2418	423
2419	1834
2420	353
2421	1676
2426	2541
2427	1495
2427	2109
2428	467
2428	1488
2428	2465
2428	2612
2428	2745
2428	2812
2428	2873
2429	1659
2429	2403
2430	2356
2432	2680
2436	2947
2439	2392
2440	156
2440	2502
2441	89
2441	541
2441	2447
2444	2699
2445	1184
2445	1234
2447	2376
2454	896
2456	913
2457	1315
2458	295
2458	567
2458	1403
2459	674
2460	595
2461	783
2467	1317
2467	1333
2467	2442
2467	2464
2468	712
2472	719
2473	1900
2474	2406
2474	2720
2479	2876
2480	596
2480	2405
2481	26
2482	340
2485	339
2486	1466
2490	456
2490	516
2490	1474
2490	1562
2490	2475
2490	2579
2490	2890
2492	2550
2493	518
2495	834
2499	1123
2500	9
2500	1360
2500	1542
2500	2808
2502	1737
2502	2159
2503	2705
2504	564
2504	1668
2505	454
2505	1559
2505	2083
2505	2231
2507	1706
2509	1036
2509	1840
2509	2020
2512	507
2512	2128
2514	110
2514	716
2514	1158
2514	1909
2514	2914
2515	2065
2516	2079
2517	881
2517	2049
2519	788
2519	1883
2519	2482
2523	619
2523	2088
2525	2412
2528	2650
2529	2394
2530	1713
2531	265
2531	744
2531	874
2531	1011
2531	1531
2531	2708
2531	2778
2532	430
2532	1291
2532	2535
2533	2903
2535	368
2535	430
2535	1266
2535	1646
2537	120
2537	885
2537	1215
2537	1810
2537	1958
2537	2127
2537	2905
2538	981
2538	2392
2538	2447
2539	247
2539	501
2539	1192
2539	1257
2539	2129
2539	2196
2543	1684
2545	2700
2546	448
2546	816
2546	1340
2549	1829
2554	2109
2555	1367
2556	420
2556	826
2556	1000
2558	2098
2560	2035
2562	2484
2564	388
2564	1281
2564	1433
2565	255
2565	1502
2565	1906
2565	2915
2566	2446
2568	882
2568	1384
2568	2038
2571	2090
2573	344
2573	954
2573	1165
2573	1896
2573	2658
2574	2582
2575	1037
2576	2489
2576	2542
2577	18
2578	1800
2580	2108
2581	277
2581	518
2581	666
2581	901
2581	910
2581	1010
2581	1435
2581	1471
2581	1493
2581	1547
2581	1580
2581	1714
2581	1735
2581	2067
2581	2081
2581	2109
2581	2475
2581	2493
2581	2607
2584	2680
2589	1108
2589	1510
2590	658
2593	337
2594	842
2595	1836
2599	272
2600	1492
2600	2148
2604	1859
2607	1735
2608	1745
2608	2903
2608	2939
2610	677
2613	372
2614	1358
2617	2290
2620	2343
2622	2000
2622	2549
2625	493
2625	2218
2628	2317
2628	2468
2628	2527
2628	2686
2628	2882
2629	1650
2630	491
2631	947
2631	1443
2631	2035
2631	2560
2632	1103
2632	1765
2632	2945
2633	1318
2633	1665
2634	720
2635	1466
2635	2486
2637	984
2639	1623
2639	2953
2640	2423
2643	1976
2644	2335
2645	1778
2645	2553
2645	2702
2646	200
2646	2185
2649	1000
2652	2660
2654	139
2654	662
2656	203
2656	1242
2656	1497
2656	2017
2656	2094
2657	150
2657	449
2657	1144
2657	1574
2657	2709
2659	474
2659	1915
2664	2157
2664	2583
2665	686
2665	1827
2665	2781
2668	700
2669	2408
2671	359
2671	475
2671	748
2671	947
2671	1062
2671	1218
2671	1245
2671	1443
2671	1750
2671	2035
2671	2560
2671	2673
2671	2945
2672	377
2672	1037
2674	85
2674	1046
2675	1059
2675	1938
2675	2451
2676	2365
2678	2449
2683	1584
2684	177
2684	2199
2685	1320
2686	2681
2690	275
2690	2615
2691	512
2691	2188
2692	2278
2694	91
2698	2159
2698	2761
2701	1199
2702	2553
2704	2746
2707	1737
2707	2502
2710	558
2711	2612
2712	1794
2714	1146
2715	1148
2715	1418
2715	2328
2716	742
2716	1957
2717	803
2722	850
2724	2906
2725	2679
2726	1754
2727	484
2727	1352
2727	2213
2727	2422
2727	2788
2728	111
2728	1070
2728	1591
2728	2123
2729	1370
2730	456
2730	1474
2730	2477
2731	1890
2732	401
2733	2548
2734	762
2735	683
2735	724
2737	2674
2738	2636
2741	1463
2742	337
2744	52
2744	453
2744	992
2746	1266
2747	1272
2748	430
2748	1291
2748	2532
2749	684
2749	1182
2751	590
2751	2643
2752	1072
2753	2450
2755	941
2756	829
2756	1268
2760	2232
2762	2497
2763	2060
2764	246
2764	1469
2764	2674
2766	2465
2767	1257
2768	1188
2769	1930
2769	2648
2771	1049
2772	2849
2773	512
2773	2188
2774	1
2774	2363
2777	225
2777	350
2777	1325
2777	1723
2777	2393
2779	2954
2780	2721
2782	2
2782	1183
2783	1328
2783	1861
2783	2251
2785	735
2786	2381
2789	240
2789	1737
2793	317
2793	429
2794	2605
2797	1798
2798	1849
2799	1358
2800	187
2804	2172
2806	1537
2810	1921
2811	560
2812	2263
2813	825
2813	1079
2813	1595
2813	2483
2814	2159
2815	1606
2816	605
2816	1925
2818	2370
2820	58
2820	413
2820	730
2820	984
2820	1029
2820	1040
2820	1071
2820	1259
2820	1298
2820	1586
2820	1879
2820	2491
2820	2637
2820	2762
2821	1886
2821	2234
2822	1176
2822	2012
2824	844
2825	354
2825	516
2825	644
2825	783
2825	1094
2825	1466
2825	1493
2825	1564
2825	1670
2825	1671
2825	2475
2826	2536
2827	1300
2828	100
2828	216
2828	1318
2828	1455
2828	1466
2828	1995
2828	2758
2830	311
2830	2317
2830	2468
2830	2487
2830	2527
2830	2882
2831	1065
2835	1048
2835	1612
2837	2316
2837	2410
2837	2817
2839	736
2843	2082
2844	1164
2844	2721
2845	266
2845	730
2845	1068
2850	188
2853	399
2853	470
2853	747
2853	1407
2853	1517
2853	1848
2855	1298
2856	1491
2858	2466
2863	1961
2865	858
2865	2301
2866	298
2866	320
2867	1220
2868	116
2870	325
2870	1026
2872	412
2872	496
2872	660
2872	770
2872	1094
2872	1591
2872	2123
2872	2842
2873	467
2874	1017
2874	1301
2874	1948
2877	990
2878	115
2878	239
2879	1463
2880	1870
2880	2616
2883	1689
2883	1905
2884	769
2884	823
2884	2376
2884	2598
2884	2929
2885	2243
2885	2653
2886	1168
2887	696
2888	1465
2888	2577
2889	73
2889	2518
2892	2739
2894	630
2894	2670
2895	1611
2897	1274
2897	2040
2897	2042
2898	1879
2899	1269
2899	1934
2899	2247
2899	2431
2899	2503
2901	2475
2901	2490
2901	2890
2903	1804
2904	1670
2904	2123
2904	2466
2904	2842
2904	2855
2907	1533
2907	2791
2911	647
2911	1718
2912	580
2912	613
2912	914
2912	1185
2912	1754
2915	255
2915	1502
2915	1548
2915	1906
2915	2565
2915	2784
2918	682
2919	1501
2920	415
2923	326
2924	1419
2924	2291
2925	641
2925	858
2925	868
2925	901
2925	1066
2925	1361
2925	1466
2925	1552
2925	1644
2925	1677
2925	1704
2925	1727
2925	2250
2925	2301
2925	2347
2925	2367
2925	2721
2926	1522
2926	2829
2927	87
2927	112
2927	431
2927	680
2927	682
2927	740
2927	908
2927	1317
2927	1436
2927	1811
2927	1855
2927	2058
2927	2442
2927	2464
2927	2841
2928	1499
2931	150
2932	1165
2933	868
2933	904
2933	1066
2933	1193
2933	1361
2933	1727
2933	2250
2933	2347
2935	1035
2936	253
2936	2149
2937	1261
2940	289
2940	733
2940	1021
2940	1069
2940	1471
2940	1490
2940	1580
2940	1714
2940	2318
2940	2490
2940	2607
2941	833
2941	1171
2941	1594
2941	1814
2941	2821
2942	814
2943	27
2943	178
2943	2626
2946	2417
2947	2703
2948	1057
2948	2557
2949	1193
2952	2368
2957	173
2957	747
2957	901
2957	2250
2957	2347
2958	318
2958	429
2959	808
2961	1620
2962	2361
