4	782
5	170
5	2103
6	2546
10	201
10	599
10	1087
10	1518
10	2385
10	2449
11	2861
12	84
12	87
13	225
15	430
15	1230
20	2175
21	750
21	1520
21	2988
22	2670
25	2210
25	2801
28	2034
29	374
31	42
32	122
32	263
33	494
34	2713
36	158
36	362
36	478
36	738
36	956
36	1145
36	1320
36	1366
36	1386
36	1454
36	1776
36	1809
36	2063
36	2579
36	2690
36	2692
36	2914
36	2917
36	2948
38	366
39	851
39	2400
41	918
41	1313
41	2342
43	306
43	600
43	607
44	2013
45	597
46	2171
46	2760
49	639
50	847
52	1052
53	999
55	927
57	1528
57	2437
59	401
59	407
59	519
59	570
59	1012
59	2016
60	2517
61	2741
63	19
64	2185
66	890
66	2307
67	733
67	2070
69	1138
71	617
72	1423
73	423
77	2539
78	19
81	2207
81	2434
82	2512
83	379
83	1302
83	1558
83	2961
87	906
87	1174
87	1775
93	27
93	33
93	2464
93	2820
94	1284
94	1639
94	1844
95	2525
95	2901
97	2626
102	834
103	560
105	2710
107	1527
108	1
108	2214
109	2520
110	159
110	2870
111	453
111	597
111	854
111	895
111	1185
111	1589
111	1828
111	1865
111	1920
111	2593
111	2680
111	2910
111	2958
112	214
117	458
118	712
118	2502
119	56
121	820
122	681
122	751
122	1015
122	1760
124	2381
125	79
125	2618
129	597
129	1115
129	1178
129	2318
129	2361
129	2388
129	2916
130	2288
130	2838
132	1645
132	2278
132	2410
133	1063
133	2086
134	292
135	1359
136	391
137	230
137	932
137	1290
139	563
139	1149
140	342
140	712
146	232
146	2880
147	2857
149	633
150	14
150	1494
150	2304
150	2943
151	195
151	1263
151	1265
151	1363
151	2186
152	458
152	518
154	1502
154	2581
155	2882
156	966
161	2713
162	2418
164	1714
165	529
165	778
165	1225
165	1515
165	1651
167	1215
168	673
168	1516
168	2628
169	634
169	1167
169	2521
171	1834
172	796
172	1239
172	1815
172	2497
173	2375
174	1156
174	1695
174	1830
174	2452
175	1162
176	2188
179	2684
181	2697
185	1400
186	608
188	591
188	1281
188	1942
188	1974
188	2344
188	2775
189	2648
191	212
191	434
194	1349
194	2929
195	315
195	2186
196	1209
197	1094
197	1858
198	6
198	458
198	924
198	1493
198	1582
198	2142
198	2295
198	2402
198	2546
199	1154
200	130
200	1327
200	1397
200	2288
201	10
201	640
201	1087
202	127
203	729
203	754
203	2184
203	2521
203	2781
203	2811
203	2837
203	2957
205	2212
206	700
210	567
210	1061
210	1534
211	2098
214	602
216	816
216	1668
216	2568
217	2893
218	221
218	820
218	2987
219	2454
220	1349
222	2234
223	482
223	978
225	2499
226	1962
227	2273
228	543
228	1914
228	2506
231	2401
231	2893
234	55
234	217
234	2243
234	2394
234	2466
235	1522
236	523
237	1955
238	2101
239	617
239	1414
241	2131
243	761
245	2238
245	2754
248	34
248	1183
248	1374
249	6
249	104
249	518
249	652
249	915
249	1116
249	1282
249	1506
249	1626
249	1717
249	1788
249	1916
249	2092
249	2274
249	2453
249	2497
249	2509
249	2513
249	2529
249	2546
249	2600
249	2641
249	2696
251	269
251	741
252	701
254	1256
255	273
259	389
261	1171
262	53
262	2559
263	681
263	751
263	1015
264	30
264	60
264	1042
264	1272
264	1531
264	1543
264	1716
264	2620
264	2778
264	2960
266	413
267	384
267	1825
268	383
270	659
270	2235
270	2528
272	711
272	1375
272	1739
272	2212
274	383
275	229
275	546
279	906
280	915
280	1116
280	2141
281	2166
282	573
282	1138
282	1624
282	1626
282	1916
282	2719
282	2915
284	1222
285	2122
285	2590
288	311
288	328
288	2491
289	599
289	640
289	688
289	944
289	1004
289	1087
289	2299
289	2385
290	1371
291	1026
291	1495
294	866
295	1441
295	2932
298	961
301	434
301	708
303	75
305	1194
307	2884
308	1568
308	2116
309	465
310	633
311	328
312	1827
313	240
313	2538
320	2570
324	644
325	418
326	17
326	132
326	987
326	1279
326	2289
326	2597
327	1933
328	311
331	837
331	1409
332	183
332	686
333	2676
334	2352
336	1368
340	1544
342	1626
342	2530
343	2359
343	2666
343	2786
344	177
344	1302
344	1892
344	2215
344	2813
345	464
345	2049
345	2528
346	895
347	1150
349	2014
350	2212
352	1349
352	2553
354	112
354	602
358	379
358	1558
358	2961
362	758
362	1081
362	2690
364	453
364	561
364	898
364	1550
367	1933
368	621
368	803
369	413
370	1764
370	2696
373	2940
374	29
375	901
376	1919
377	2479
377	2646
378	414
378	800
378	1474
378	1750
378	2158
378	2315
378	2950
378	2988
380	460
380	1050
381	1534
382	2069
385	2033
386	2295
389	1077
390	153
390	815
390	842
390	1155
390	2851
392	1102
393	1103
394	2599
395	1609
395	2624
396	809
397	53
397	999
398	835
399	347
402	298
402	323
402	765
402	1334
402	1540
402	1930
403	2426
403	2804
404	1752
405	761
407	401
407	519
408	2578
409	1011
409	2265
412	851
412	2627
413	1789
414	600
414	1428
414	1561
414	1750
414	1755
414	1915
414	2962
415	1848
415	2425
416	142
417	505
417	643
417	1002
417	1263
417	1443
417	1674
418	115
419	2033
420	1545
423	73
424	1732
426	480
426	1853
426	2076
427	1117
427	1483
427	1762
427	1997
427	2459
427	2677
429	114
429	922
432	1903
433	309
433	465
435	2527
436	0
438	1276
439	562
439	2728
442	1732
443	1234
445	1100
445	2793
445	2833
445	2888
447	263
448	1960
448	2426
450	2353
454	1238
455	296
456	397
456	2017
456	2152
457	1142
461	1128
462	1138
463	1251
466	2596
467	421
468	1232
468	1887
469	1207
469	2489
469	2501
470	115
470	1853
470	2978
472	388
472	930
478	956
479	377
480	1688
480	2016
480	2551
480	2726
483	1748
484	2277
485	1960
490	2926
491	1263
491	2675
494	27
494	2752
495	1560
496	1318
497	645
498	2460
506	1405
507	2250
511	175
511	915
511	1162
511	1272
511	1665
511	2277
511	2517
511	2644
512	388
512	1615
512	1634
512	1695
512	1702
512	1835
512	1910
512	2246
512	2969
518	1582
520	1482
520	2295
521	61
521	2741
522	1517
523	100
525	2288
525	2487
525	2838
526	2423
527	1941
528	22
528	2670
529	778
531	235
531	281
531	654
531	684
531	1601
531	2173
531	2734
531	2740
532	6
532	518
532	924
532	1582
532	2142
532	2402
533	551
536	2979
540	1992
541	2916
544	1824
544	1872
544	2857
545	1154
545	2067
547	729
547	2070
547	2457
549	804
550	1141
551	8
551	2172
551	2478
553	1349
554	2625
555	140
555	712
555	2229
557	820
558	66
558	79
558	374
558	1716
558	1853
558	2060
558	2076
558	2096
558	2990
559	1949
562	1094
562	1858
564	1481
565	2582
566	444
567	872
567	904
567	2248
567	2703
568	634
568	1041
568	1167
568	1372
568	1594
568	2127
568	2521
570	2359
571	628
571	2131
572	1260
572	1638
574	1261
574	1858
575	2012
577	2315
578	2569
580	2494
582	1038
583	0
587	2269
588	553
590	2445
591	1208
592	1506
592	1514
594	2741
595	1345
595	1857
596	213
596	793
603	366
603	1167
603	1632
603	1727
603	2253
604	82
604	1898
604	2512
605	1730
605	2885
606	729
606	1829
607	500
611	1914
617	2631
619	258
621	1007
622	111
623	800
623	2120
623	2544
623	2962
624	205
624	2212
624	2669
625	1102
629	2577
632	2312
636	950
637	2351
638	1239
640	29
642	360
648	2920
652	680
653	3
655	1279
655	2597
655	2761
655	2913
658	1302
661	2009
662	440
662	2059
664	2365
668	2289
670	2642
675	1773
676	572
676	1638
677	2234
678	1419
678	2019
679	1059
682	1668
683	106
683	163
683	349
683	428
683	836
683	2244
683	2537
683	2542
683	2736
683	2819
684	281
685	2456
689	667
691	1195
692	2397
693	2214
694	1235
694	1509
694	1679
696	1250
696	1987
696	2478
697	2355
697	2865
698	1046
699	614
699	1176
699	1477
700	206
701	826
703	321
703	2949
706	626
707	379
707	421
707	1603
714	131
714	1100
714	2793
716	425
718	2886
719	1923
723	1315
727	1683
731	1718
731	1984
731	2146
732	1973
735	1243
735	1247
735	2072
735	2409
735	2521
738	1023
738	1097
739	543
739	2463
741	1606
742	876
742	2092
742	2763
743	1142
745	2300
745	2589
748	1097
748	2504
750	2988
752	153
755	879
756	976
758	1255
758	1326
758	2791
759	782
760	2742
762	163
762	190
762	349
762	378
762	750
762	1016
762	1410
762	1673
762	1741
762	2357
763	293
764	1735
767	757
767	1577
767	1874
768	1417
770	1349
771	233
772	2754
774	1643
776	721
776	966
777	695
778	83
778	358
780	717
783	341
784	1873
785	1402
786	356
786	411
786	1610
786	1692
786	2151
786	2487
787	914
788	985
789	1187
791	1187
791	2553
792	922
792	1706
794	143
797	1208
800	2120
803	1278
804	549
805	2575
808	864
808	2304
810	143
810	715
810	1289
810	1432
810	1501
810	1592
810	1770
810	1920
810	2162
813	2982
815	820
817	433
818	208
819	1896
822	2230
824	1536
827	663
829	2670
832	146
832	1741
832	2880
833	2088
833	2929
834	2339
834	2841
836	412
836	1464
843	741
843	1309
843	1464
843	1758
843	1903
843	2512
843	2741
843	2782
846	2148
849	1020
852	1146
852	1428
852	1474
852	2775
853	799
855	1018
855	2517
856	517
859	1720
859	2715
859	2766
861	2796
862	870
863	1188
863	2032
863	2221
865	2474
869	1133
869	1591
869	1828
869	1920
869	2065
869	2492
869	2680
869	2807
869	2812
869	2958
875	1058
876	2608
878	643
880	2825
881	2475
882	1251
885	30
885	2163
886	600
886	623
888	1151
889	851
889	1266
889	1889
891	1566
891	1666
891	1766
893	386
893	520
893	1452
893	2763
895	561
896	2443
897	2190
899	522
899	674
899	784
899	909
899	1161
899	1526
899	1607
899	2871
900	745
900	1564
900	1818
900	1948
900	2589
902	825
903	2081
905	2278
905	2410
906	1775
907	1177
907	2918
908	473
910	2019
912	459
912	1957
913	816
913	1153
915	481
916	915
916	1069
916	1500
917	7
917	1461
918	2295
919	2659
920	2829
921	2058
922	431
923	114
924	6
924	458
924	2546
925	9
925	1938
925	2328
925	2521
927	213
928	257
928	1664
928	2174
929	1689
930	388
931	2354
933	260
934	503
934	1205
935	2433
937	1631
937	1870
939	322
940	1731
941	99
941	514
941	846
941	2120
942	1509
942	2211
942	2517
943	1212
944	1518
944	2141
945	1240
947	2006
948	1843
949	205
949	812
949	2563
949	2669
951	296
951	1629
955	2024
956	361
957	432
957	2438
959	2099
960	1291
961	2526
962	1160
965	1197
965	1354
965	1732
968	488
969	1813
972	1669
972	2311
972	2686
972	2989
973	391
975	201
975	599
975	640
975	688
975	915
975	916
975	944
975	1516
975	2299
975	2449
979	1181
981	1263
981	1363
982	63
983	254
983	356
983	458
983	525
983	688
983	775
983	1087
983	1244
983	1283
983	1506
983	1582
983	1704
983	1788
983	1862
983	1913
983	1916
983	1935
983	2092
983	2522
983	2546
983	2577
983	2600
983	2608
983	2924
986	412
986	502
986	741
986	995
986	1309
986	1903
986	2512
986	2659
987	668
987	2761
987	2906
988	1843
988	1927
989	335
990	2466
991	257
991	1368
991	1487
991	1659
991	1664
991	1710
991	2704
991	2741
992	2543
992	2584
993	556
996	919
996	2659
998	749
998	1019
1000	904
1000	927
1003	2570
1004	10
1004	201
1004	599
1004	640
1004	944
1004	2299
1004	2385
1005	844
1008	1101
1010	1777
1012	401
1012	519
1013	47
1015	751
1015	1128
1016	215
1016	1436
1018	2733
1022	1407
1028	2291
1029	92
1029	571
1031	2649
1032	967
1034	938
1036	1206
1039	318
1041	1594
1042	70
1042	458
1042	511
1042	1272
1042	2529
1042	2763
1044	1345
1045	1445
1046	773
1047	1172
1047	2961
1048	400
1050	460
1050	1408
1052	410
1054	2887
1056	2829
1057	2352
1058	2518
1060	1633
1061	981
1061	1263
1061	1363
1062	877
1063	133
1063	2086
1066	737
1066	1670
1067	1363
1068	484
1068	1045
1068	1757
1070	2696
1072	432
1072	1235
1072	1509
1072	1531
1072	2211
1072	2450
1072	2529
1072	2898
1074	790
1075	1557
1078	465
1081	361
1081	478
1081	848
1081	956
1081	1454
1081	2579
1081	2653
1082	1231
1082	1976
1083	37
1083	604
1083	729
1083	942
1083	1364
1083	1587
1083	1675
1083	1710
1083	1856
1083	2368
1083	2517
1083	2741
1083	2853
1084	2445
1085	176
1085	915
1085	1165
1085	1460
1085	2277
1085	2371
1086	1477
1087	1518
1087	2385
1087	2449
1088	411
1088	807
1088	1610
1088	1935
1088	2151
1089	1606
1091	6
1091	18
1091	104
1091	249
1091	280
1091	386
1091	458
1091	520
1091	525
1091	532
1091	652
1091	876
1091	915
1091	1116
1091	1282
1091	1431
1091	1493
1091	1788
1091	1961
1091	2003
1091	2236
1091	2274
1091	2288
1091	2296
1091	2380
1091	2453
1091	2497
1091	2587
1091	2696
1091	2838
1091	2915
1093	2352
1095	348
1096	471
1096	1509
1096	2486
1096	2634
1096	2763
1096	2838
1096	2898
1097	868
1099	2196
1100	445
1100	874
1100	964
1100	1233
1100	2833
1100	2888
1103	2217
1104	669
1105	399
1105	489
1105	1281
1105	1312
1105	1974
1105	2775
1106	1937
1107	1893
1107	2609
1109	95
1109	482
1109	1657
1109	2588
1110	1534
1113	779
1113	2135
1116	6
1116	1493
1116	2295
1116	2402
1116	2546
1118	314
1119	740
1119	845
1119	1535
1119	1648
1121	2282
1122	459
1122	766
1122	912
1123	2066
1123	2947
1124	630
1125	2134
1126	187
1126	1533
1127	347
1127	399
1127	1007
1127	2176
1131	1435
1132	359
1132	1571
1132	1621
1132	1685
1132	2824
1137	537
1139	569
1140	247
1140	757
1142	269
1142	421
1142	1051
1142	2153
1143	1968
1144	2650
1147	2310
1152	330
1152	589
1152	1189
1153	816
1156	393
1156	2217
1158	115
1159	2689
1161	96
1161	673
1161	741
1161	1394
1161	2161
1161	2515
1161	2871
1161	2921
1163	1135
1166	1554
1167	711
1169	2978
1170	338
1172	1047
1173	2044
1174	1775
1175	624
1175	812
1176	614
1179	2313
1181	887
1184	2217
1185	437
1185	828
1185	1035
1185	1178
1185	1457
1185	1684
1185	2593
1188	2032
1189	589
1191	2498
1191	2785
1193	2362
1197	138
1198	2077
1200	2377
1204	796
1206	744
1206	2832
1210	148
1210	1606
1210	1665
1210	2092
1210	2644
1212	1211
1213	315
1214	1855
1214	2243
1217	2189
1217	2769
1219	2419
1219	2605
1220	1085
1220	1283
1220	1699
1220	1934
1220	2741
1220	2951
1221	1506
1221	1509
1221	2211
1223	901
1225	179
1225	1178
1226	901
1227	1621
1228	155
1228	2882
1229	1616
1229	2971
1233	641
1233	964
1233	2626
1236	37
1236	1232
1236	1290
1236	1934
1236	1986
1236	2575
1236	2590
1236	2741
1236	2898
1237	2874
1241	831
1243	2521
1246	1430
1246	1629
1248	393
1248	2531
1249	19
1249	649
1249	1102
1252	806
1252	2045
1252	2124
1253	1703
1253	2380
1254	1285
1255	748
1256	254
1257	1443
1258	2404
1259	2194
1261	1094
1264	671
1264	2278
1267	2843
1268	2902
1271	1387
1272	105
1272	2092
1275	141
1279	178
1279	1134
1281	1240
1282	104
1282	518
1282	876
1282	1626
1282	1704
1282	1961
1282	2274
1282	2509
1282	2915
1283	196
1286	2068
1287	2633
1288	2984
1289	1
1289	339
1289	487
1289	883
1289	1047
1289	1102
1289	1203
1289	1846
1289	2162
1289	2214
1289	2592
1293	1783
1294	383
1294	2406
1294	2521
1295	2807
1296	2649
1297	1345
1298	1179
1298	1409
1298	1944
1298	2038
1298	2313
1298	2433
1298	2470
1298	2741
1300	115
1303	58
1304	121
1306	1977
1306	2421
1306	2716
1308	1438
1308	2017
1308	2762
1310	1436
1313	2342
1316	1400
1317	19
1319	276
1319	399
1321	1367
1321	1529
1321	2379
1321	2724
1322	61
1322	2741
1323	2047
1324	615
1324	701
1324	826
1329	2990
1330	1947
1333	783
1333	1847
1333	2560
1333	2752
1335	1048
1335	2049
1335	2528
1338	2348
1339	1787
1340	2552
1342	2867
1343	1854
1344	798
1346	702
1346	1958
1347	927
1348	1740
1350	2684
1350	2700
1351	584
1351	1864
1356	2807
1357	1749
1364	1679
1369	66
1370	2929
1372	1760
1372	2184
1373	842
1374	1183
1376	1760
1377	856
1378	705
1378	2021
1379	2320
1380	258
1380	1024
1380	1025
1380	1487
1380	1527
1380	1580
1380	2073
1380	2106
1380	2139
1380	2748
1382	297
1382	1939
1382	2439
1384	62
1384	505
1384	765
1384	777
1384	1310
1384	2118
1384	2544
1385	1437
1388	102
1388	765
1390	1697
1390	2360
1391	924
1392	953
1392	994
1393	1766
1396	1637
1398	1674
1399	1564
1399	1818
1399	2589
1401	2660
1403	189
1403	2774
1404	1629
1406	228
1409	2470
1411	1637
1416	1653
1418	50
1418	942
1418	1079
1418	1235
1418	1509
1420	2310
1421	2976
1424	2241
1425	1387
1427	54
1432	143
1432	794
1433	316
1438	397
1438	2017
1438	2152
1439	1165
1439	1767
1439	2383
1440	357
1441	308
1441	1009
1441	2668
1441	2932
1442	204
1444	2078
1445	2704
1447	2867
1448	538
1448	2872
1449	61
1449	986
1449	1322
1449	1709
1449	2538
1449	2741
1450	2798
1451	797
1451	1208
1452	104
1452	196
1452	915
1452	1961
1452	2274
1452	2608
1453	349
1454	956
1454	2063
1456	2328
1456	2832
1458	1224
1458	2375
1458	2436
1459	1869
1462	264
1462	1531
1463	601
1463	1163
1463	1837
1463	2144
1463	2179
1463	2226
1463	2840
1465	841
1466	2777
1467	1863
1468	237
1468	946
1468	1955
1474	1410
1474	1821
1475	1353
1475	1688
1476	1840
1480	1677
1481	564
1483	1149
1484	1085
1488	1569
1488	2763
1489	131
1489	714
1490	2673
1491	244
1491	407
1491	493
1491	2115
1492	190
1493	2295
1496	254
1496	370
1496	652
1496	1026
1496	1111
1496	1256
1496	1611
1496	1704
1496	1916
1496	2003
1496	2513
1498	421
1498	499
1499	2813
1499	2934
1501	1017
1501	1550
1503	422
1504	155
1504	2882
1505	2662
1506	1509
1507	2615
1508	2286
1509	1079
1509	1235
1510	2712
1511	10
1511	201
1511	289
1511	319
1511	688
1511	915
1511	944
1511	1087
1511	1526
1511	2299
1511	2385
1511	2449
1516	1006
1519	317
1520	772
1522	19
1525	1389
1530	1690
1530	2500
1531	60
1531	775
1531	1085
1531	1767
1531	2415
1532	2926
1534	872
1534	904
1534	2248
1534	2703
1537	283
1537	1937
1538	431
1538	610
1538	616
1538	1328
1538	1398
1538	2961
1539	1644
1540	1334
1541	835
1542	936
1542	958
1542	2309
1542	2638
1544	1619
1547	905
1547	1576
1547	1807
1547	2037
1548	2965
1549	715
1549	1001
1549	2152
1549	2251
1551	730
1552	600
1552	623
1552	1561
1553	66
1553	374
1553	2060
1556	713
1557	2390
1559	337
1560	495
1562	796
1562	2317
1563	1363
1564	1818
1564	1948
1565	1049
1570	2936
1572	176
1572	1590
1572	1722
1572	2391
1573	183
1573	686
1574	2610
1575	1566
1577	757
1577	1352
1577	1874
1578	695
1578	777
1579	41
1579	67
1579	105
1579	221
1579	330
1579	589
1579	592
1579	915
1579	986
1579	1042
1579	1083
1579	1189
1579	1272
1579	1327
1579	1482
1579	1584
1579	1587
1579	1625
1579	1794
1579	2022
1579	2185
1579	2237
1579	2368
1579	2741
1579	2778
1579	2844
1579	2897
1580	2106
1581	296
1581	455
1581	1413
1583	1059
1585	290
1585	884
1585	1371
1585	1644
1585	2160
1585	2776
1586	1302
1587	782
1588	2539
1592	550
1592	587
1593	454
1593	561
1593	1185
1593	1270
1593	1589
1593	1684
1593	2029
1593	2526
1593	2593
1593	2765
1595	842
1597	2313
1598	304
1599	267
1600	196
1600	915
1600	1758
1600	2234
1602	1850
1603	2390
1603	2674
1605	2592
1608	90
1608	2293
1610	113
1610	1495
1611	6
1611	18
1611	104
1611	126
1611	196
1611	201
1611	280
1611	282
1611	341
1611	370
1611	386
1611	458
1611	518
1611	520
1611	535
1611	647
1611	677
1611	688
1611	742
1611	775
1611	870
1611	876
1611	915
1611	1092
1611	1112
1611	1138
1611	1216
1611	1244
1611	1282
1611	1422
1611	1482
1611	1494
1611	1496
1611	1506
1611	1516
1611	1518
1611	1582
1611	1704
1611	1717
1611	1773
1611	1779
1611	1788
1611	1886
1611	1916
1611	1950
1611	1961
1611	2046
1611	2092
1611	2102
1611	2111
1611	2141
1611	2177
1611	2188
1611	2219
1611	2236
1611	2274
1611	2288
1611	2296
1611	2299
1611	2380
1611	2497
1611	2498
1611	2509
1611	2513
1611	2543
1611	2546
1611	2600
1611	2602
1611	2607
1611	2641
1611	2696
1611	2710
1611	2738
1611	2770
1611	2826
1611	2834
1611	2837
1611	2838
1611	2864
1611	2915
1611	2927
1611	2943
1612	166
1613	2256
1614	1040
1614	1118
1614	2018
1614	2043
1614	2818
1615	57
1615	388
1615	658
1615	849
1615	1020
1615	1125
1615	1331
1615	1689
1615	1702
1615	1835
1615	2027
1615	2201
1615	2458
1615	2526
1616	868
1616	1097
1616	2504
1617	2260
1618	201
1618	599
1618	640
1618	688
1618	784
1618	916
1618	1161
1618	1516
1618	2299
1618	2385
1618	2449
1618	2797
1620	180
1625	411
1625	666
1625	779
1625	1113
1625	2135
1625	2151
1625	2460
1628	1750
1629	308
1629	1009
1629	2668
1630	2929
1633	964
1634	658
1634	1702
1634	1835
1634	1901
1634	2877
1636	1092
1637	123
1639	169
1639	926
1639	1890
1639	2250
1640	418
1641	205
1641	812
1641	1375
1641	2212
1641	2669
1646	822
1646	2230
1647	2705
1649	47
1650	1349
1650	2966
1651	1
1651	98
1651	358
1651	487
1651	501
1651	731
1651	1125
1651	1172
1651	1289
1651	1302
1651	1328
1651	1556
1651	1615
1651	2027
1651	2877
1651	2934
1652	2324
1654	655
1655	19
1655	144
1655	405
1655	1085
1655	1140
1655	1471
1657	2588
1658	1224
1658	2436
1660	509
1662	927
1663	1061
1666	2975
1669	1642
1669	1750
1671	840
1674	643
1675	2211
1675	2517
1676	1058
1678	246
1678	980
1681	1263
1681	1729
1681	1848
1681	2757
1682	1134
1682	1279
1683	1512
1686	368
1687	1327
1689	651
1690	94
1690	260
1690	383
1690	1355
1690	2523
1691	143
1691	2302
1692	356
1694	520
1694	1838
1696	772
1696	1539
1699	175
1699	1162
1699	1283
1699	1299
1699	2517
1699	2733
1700	85
1701	2407
1703	484
1703	1162
1703	1299
1703	1757
1704	2020
1706	2485
1709	351
1709	1333
1709	2538
1710	2517
1711	2542
1712	1168
1718	850
1719	2915
1722	2277
1723	1571
1723	2824
1725	1445
1725	2785
1728	2526
1729	2554
1734	915
1734	1569
1734	2641
1738	476
1740	1619
1741	2685
1741	2894
1742	2408
1743	2011
1744	2298
1744	2731
1746	76
1746	451
1747	744
1747	802
1747	2277
1747	2371
1750	1049
1751	1965
1751	2694
1753	1402
1753	2682
1754	2280
1755	2962
1759	1378
1759	2574
1761	2629
1762	1997
1762	2459
1763	892
1763	959
1763	2483
1765	1627
1767	2415
1769	84
1769	194
1769	312
1769	1349
1771	1949
1772	974
1774	1053
1776	361
1776	848
1776	2541
1778	237
1778	1955
1778	2306
1778	2672
1780	1894
1782	1603
1784	586
1785	997
1785	1341
1785	2790
1788	915
1788	2497
1790	552
1790	1724
1790	2792
1791	1148
1793	1680
1793	1944
1793	2144
1793	2714
1794	525
1794	915
1794	1138
1794	1222
1794	1582
1794	1913
1795	1358
1796	63
1796	757
1796	1332
1796	1874
1798	40
1798	657
1799	1822
1799	2282
1799	2716
1799	2957
1801	2571
1801	2720
1802	587
1802	2265
1802	2645
1803	1211
1804	317
1804	1106
1804	1485
1804	1937
1806	286
1807	726
1807	1395
1808	74
1809	145
1810	952
1812	725
1814	2005
1815	2317
1816	214
1816	354
1816	602
1818	1564
1819	1737
1820	984
1822	2800
1824	2514
1824	2857
1826	1943
1831	429
1831	543
1831	617
1831	928
1831	1198
1831	2192
1831	2741
1831	2939
1833	1192
1833	1605
1835	2263
1838	386
1838	1610
1839	1918
1841	459
1842	1604
1843	656
1845	1756
1846	1180
1848	2074
1849	970
1849	1048
1851	971
1852	232
1852	1262
1853	754
1859	7
1859	35
1859	72
1859	253
1859	278
1859	539
1859	753
1859	867
1859	883
1859	906
1859	917
1859	1098
1859	1102
1859	1157
1859	1263
1859	1273
1859	1289
1859	1301
1859	1343
1859	1395
1859	1461
1859	1501
1859	1667
1859	1721
1859	1920
1859	2026
1859	2055
1859	2093
1859	2109
1859	2123
1859	2162
1859	2201
1859	2298
1859	2316
1859	2510
1859	2554
1859	2650
1859	2858
1859	2935
1861	311
1861	328
1867	1518
1868	2545
1869	1114
1872	1824
1872	1947
1872	2857
1876	1631
1877	2090
1877	2783
1878	235
1878	531
1878	814
1879	2603
1880	871
1881	123
1881	308
1881	1009
1881	2154
1881	2668
1882	12
1882	129
1882	234
1882	565
1882	1249
1882	1543
1882	1800
1882	1855
1882	2126
1882	2152
1886	520
1886	677
1886	916
1886	2004
1886	2046
1886	2607
1886	2779
1891	821
1894	1197
1894	1354
1894	1732
1895	2542
1895	2639
1895	2905
1897	1130
1897	2005
1899	1305
1900	2944
1901	1695
1901	2246
1902	631
1902	2961
1903	292
1903	1606
1904	620
1905	300
1905	839
1905	980
1906	1610
1908	2420
1908	2549
1909	811
1910	1202
1910	1702
1910	1835
1910	2263
1911	1726
1912	2302
1916	1256
1917	406
1920	225
1920	1554
1921	2008
1922	2267
1924	589
1924	2767
1925	170
1925	2103
1926	2607
1927	656
1927	988
1927	1843
1927	2390
1928	612
1928	704
1928	894
1928	2388
1929	2933
1931	769
1933	258
1933	1527
1934	1283
1938	1372
1939	297
1939	2439
1940	1171
1945	660
1945	2643
1946	250
1946	1486
1949	1884
1950	6
1950	458
1950	518
1950	1626
1950	2402
1952	401
1952	519
1952	2016
1952	2061
1954	286
1954	823
1954	1806
1954	2387
1956	402
1957	101
1960	2426
1963	2198
1964	196
1964	915
1965	306
1965	1076
1965	2472
1966	392
1966	2485
1967	68
1970	1645
1971	773
1971	892
1971	959
1971	1314
1972	2820
1975	393
1975	2528
1977	2421
1977	2900
1978	2188
1978	2647
1979	80
1979	1805
1980	1111
1980	1704
1982	157
1983	1278
1985	2019
1986	209
1987	48
1989	516
1989	1988
1990	2521
1991	492
1991	1969
1993	1059
1994	2134
1996	2069
1998	95
1999	154
1999	1981
1999	2446
1999	2581
2000	1383
2001	1014
2001	1786
2003	2484
2003	2915
2007	151
2007	981
2007	1263
2007	1363
2007	2902
2009	720
2009	1064
2009	1429
2010	2036
2011	2208
2015	1129
2016	2406
2017	2152
2021	579
2022	1913
2026	597
2026	906
2027	2134
2028	380
2028	2595
2029	869
2029	2492
2029	2650
2030	166
2030	2743
2031	2447
2033	618
2035	1836
2038	837
2040	1797
2042	1370
2042	1705
2042	1736
2042	2565
2042	2706
2043	1482
2048	196
2048	915
2048	1209
2048	2141
2048	2317
2048	2493
2049	970
2049	1048
2049	1849
2050	51
2050	724
2051	1470
2051	2398
2052	1473
2052	1866
2053	669
2054	2337
2056	2308
2057	2661
2060	2811
2060	2957
2062	363
2062	567
2062	1534
2062	1601
2062	2361
2062	2697
2062	2777
2062	2910
2063	361
2065	795
2068	24
2071	1434
2072	2521
2075	47
2079	1888
2079	2805
2080	469
2082	2241
2083	803
2083	2129
2084	2803
2085	302
2085	629
2086	1063
2087	2925
2088	2929
2091	273
2091	1286
2092	618
2092	1043
2092	1307
2092	1482
2092	2498
2093	2201
2094	581
2094	2098
2095	1262
2100	787
2100	914
2100	1786
2100	1953
2100	2450
2101	680
2104	571
2104	627
2104	628
2104	1708
2104	2245
2105	2390
2105	2899
2107	1960
2107	2426
2107	2682
2108	2041
2109	2145
2111	915
2111	1516
2111	2493
2112	1218
2113	371
2113	872
2114	296
2114	710
2115	401
2115	493
2115	519
2115	1491
2117	395
2117	514
2119	1623
2121	2064
2123	765
2123	1178
2123	1738
2123	2270
2123	2492
2123	2717
2129	1080
2130	1336
2132	728
2133	65
2135	779
2136	392
2137	125
2138	484
2138	1045
2138	2277
2143	2171
2143	2760
2144	475
2146	850
2147	1412
2150	1871
2151	458
2151	518
2151	1582
2152	456
2152	1549
2152	2929
2154	308
2154	2668
2155	510
2157	548
2158	1240
2158	1291
2158	2950
2159	704
2159	894
2159	2388
2163	30
2164	592
2164	1514
2164	2980
2165	1428
2167	2704
2168	1211
2168	2176
2169	1108
2170	2521
2173	2848
2177	1216
2178	1355
2180	128
2180	272
2180	757
2180	769
2180	794
2180	1360
2180	1389
2183	130
2183	613
2183	924
2183	1580
2183	1715
2183	2106
2183	2773
2185	1283
2185	1445
2185	1482
2185	2704
2187	2463
2188	857
2189	931
2189	1085
2189	1139
2189	1596
2189	1716
2189	1811
2189	2469
2189	2769
2189	2960
2191	201
2191	289
2191	599
2191	915
2191	1004
2191	1021
2191	1500
2191	1526
2191	2281
2191	2712
2191	2797
2193	2149
2195	296
2195	1402
2196	228
2196	1333
2197	156
2198	302
2198	970
2199	5
2199	170
2199	2103
2202	1792
2203	434
2203	618
2203	2864
2204	821
2204	1891
2205	2829
2206	458
2206	518
2208	269
2209	156
2211	1235
2212	794
2212	1641
2213	754
2213	1853
2213	2160
2213	2414
2213	2769
2213	2928
2215	2813
2216	1263
2218	985
2220	2349
2222	201
2222	289
2222	386
2222	462
2222	520
2222	599
2222	688
2222	944
2222	1004
2222	1422
2222	1431
2222	1446
2222	1511
2222	1516
2222	1886
2222	2048
2222	2111
2222	2219
2222	2295
2222	2385
2222	2449
2222	2493
2222	2513
2222	2546
2222	2628
2222	2763
2222	2770
2225	120
2228	955
2228	2024
2228	2506
2228	2873
2229	2516
2230	822
2230	2360
2231	2023
2232	1136
2233	1224
2233	2436
2237	502
2237	1053
2237	1189
2237	1493
2237	2517
2237	2853
2238	2860
2239	646
2242	752
2242	2605
2243	1862
2244	349
2246	1695
2247	2181
2248	872
2249	654
2249	2937
2252	857
2252	1722
2252	2188
2254	2128
2255	256
2255	1816
2261	1627
2262	576
2264	1286
2265	587
2265	1011
2265	1713
2266	374
2268	568
2270	476
2270	1738
2271	1555
2272	37
2272	805
2272	1071
2272	1232
2272	1290
2272	1887
2272	1934
2272	2575
2272	2590
2272	2741
2272	2898
2275	838
2275	2257
2275	2621
2280	1754
2281	289
2281	319
2281	599
2281	916
2281	944
2281	1069
2281	1500
2281	2385
2281	2449
2281	2487
2281	2920
2283	210
2283	299
2283	567
2283	867
2283	927
2283	1000
2283	1361
2283	1534
2283	2241
2283	2536
2283	2697
2283	2703
2283	2815
2284	1428
2285	2957
2287	1368
2289	1505
2290	654
2290	2937
2292	598
2294	1079
2297	16
2297	508
2297	1044
2297	1154
2297	1297
2297	2039
2297	2718
2299	319
2299	599
2299	688
2299	944
2299	1069
2299	2385
2299	2449
2301	2660
2301	2734
2303	2709
2305	2724
2307	2786
2309	936
2311	616
2311	2435
2315	750
2315	1240
2315	1750
2315	2988
2319	1402
2321	1645
2321	1661
2321	2906
2322	954
2323	631
2325	650
2325	1397
2325	2277
2326	1800
2327	584
2329	2374
2330	446
2330	1356
2330	1384
2331	2484
2332	1368
2333	1033
2333	2555
2333	2851
2334	1808
2335	23
2336	2614
2338	399
2338	489
2338	1312
2338	1974
2338	2315
2338	2899
2339	2432
2341	1673
2343	287
2345	461
2346	2513
2346	2967
2347	1783
2348	184
2348	2664
2350	907
2350	1177
2350	2918
2356	2857
2358	1727
2360	1027
2360	1055
2360	2369
2363	271
2364	1665
2366	1065
2366	1138
2366	2250
2366	2533
2367	449
2367	1569
2367	2732
2368	1364
2370	1622
2372	302
2372	826
2372	1199
2372	1472
2372	2616
2373	1864
2374	2816
2376	1609
2378	2025
2379	672
2382	2809
2384	2511
2391	1606
2393	534
2396	86
2397	88
2397	1300
2397	2831
2399	669
2403	201
2403	280
2403	599
2403	916
2403	1867
2403	2395
2404	1242
2404	1258
2405	224
2405	228
2405	548
2405	736
2405	2157
2406	383
2409	1247
2411	287
2411	1419
2411	2224
2412	2095
2413	2847
2414	542
2418	365
2419	800
2422	1885
2427	1142
2429	1741
2430	1656
2430	2279
2431	210
2431	1028
2433	1162
2433	1179
2433	2733
2434	372
2435	116
2438	1995
2440	420
2440	1545
2441	355
2442	1698
2448	2560
2449	1518
2449	2141
2450	471
2450	1509
2450	2486
2450	2634
2450	2838
2451	1681
2451	2425
2452	1479
2455	2699
2458	2974
2461	2401
2462	160
2462	2521
2463	2715
2464	93
2464	2466
2465	1197
2465	1245
2466	2401
2471	2765
2476	2424
2476	2723
2477	911
2479	1325
2480	296
2480	571
2480	627
2481	599
2482	804
2488	1342
2488	2467
2490	709
2491	328
2491	722
2495	729
2496	2428
2496	2743
2497	2509
2500	2896
2502	342
2502	2530
2503	600
2506	1482
2509	458
2509	518
2509	1493
2509	1582
2509	2600
2509	2915
2513	520
2519	9
2519	1370
2519	1564
2519	2832
2521	2184
2522	2097
2522	2722
2523	568
2523	1690
2524	455
2524	1581
2524	2114
2524	2258
2526	1728
2528	1865
2532	510
2532	2155
2534	725
2534	1173
2534	1936
2534	2044
2534	2941
2535	2110
2538	897
2540	801
2540	1907
2540	2502
2544	623
2544	2120
2548	2673
2550	1733
2551	268
2551	754
2551	890
2551	2726
2552	430
2552	2554
2553	2929
2554	430
2554	1280
2554	1301
2554	1667
2555	2987
2556	123
2556	530
2556	901
2556	1226
2556	1524
2556	1832
2556	1984
2556	2154
2556	2932
2557	990
2557	1005
2557	2401
2557	2416
2557	2466
2558	1269
2558	2156
2558	2223
2560	2448
2562	1707
2563	19
2564	830
2564	1348
2564	1497
2567	1854
2572	2141
2573	418
2573	1009
2574	2021
2575	1071
2576	2128
2579	956
2579	1454
2580	2505
2582	387
2582	1292
2582	1800
2582	1984
2583	258
2583	1102
2583	1527
2583	1933
2585	2468
2586	898
2586	1395
2586	2683
2591	967
2593	346
2593	867
2593	963
2593	977
2593	1178
2593	1920
2594	2603
2595	1050
2596	2508
2596	2561
2597	17
2598	1823
2601	2140
2602	520
2602	915
2602	924
2602	1021
2602	1446
2602	1569
2602	1600
2602	1734
2602	2097
2602	2111
2602	2141
2602	2513
2602	2628
2604	2699
2606	1148
2606	2401
2611	1126
2611	1533
2612	665
2612	1574
2613	153
2614	2329
2617	858
2618	1370
2619	1860
2620	411
2620	1088
2620	2151
2622	275
2623	1515
2623	2173
2628	1758
2630	194
2630	220
2630	1349
2630	1769
2630	2929
2630	2966
2631	1186
2632	1037
2635	66
2635	374
2636	1368
2637	1079
2640	2314
2645	2027
2647	494
2647	2243
2650	311
2650	2340
2650	2491
2650	2507
2650	2703
2651	1672
2652	492
2652	1830
2653	956
2653	1454
2653	2579
2654	1120
2654	1229
2654	2971
2655	2868
2656	1327
2656	1687
2657	730
2658	1482
2659	995
2662	1645
2662	2981
2663	2444
2665	2002
2666	2359
2668	1009
2668	1568
2668	2116
2669	205
2669	2212
2671	1801
2671	2571
2671	2720
2674	2685
2676	669
2678	207
2678	1252
2678	1521
2678	2045
2678	2124
2679	153
2679	452
2679	1595
2679	1711
2679	2727
2680	1768
2681	477
2681	1941
2687	2182
2688	692
2688	1851
2690	361
2690	478
2690	758
2690	956
2690	1081
2690	1229
2690	1255
2690	2579
2690	2653
2690	2692
2690	2948
2690	2971
2691	380
2691	460
2691	1050
2693	89
2694	306
2694	1076
2694	1965
2694	2472
2695	2389
2701	1604
2702	2227
2703	2700
2707	277
2707	2638
2708	515
2709	2303
2710	1365
2711	95
2714	1944
2716	2781
2716	2811
2717	1211
2720	2571
2725	1760
2725	2521
2728	562
2729	2634
2730	1817
2733	1162
2734	1164
2734	1426
2734	2352
2735	752
2735	1983
2737	814
2738	265
2738	2486
2739	1073
2740	2173
2740	2848
2742	866
2744	2933
2745	2698
2746	1781
2746	2741
2747	486
2747	1362
2747	2240
2747	2443
2747	2810
2748	113
2748	1088
2748	1610
2748	2151
2749	1038
2749	1914
2750	458
2751	1381
2752	400
2753	2566
2754	624
2755	689
2755	734
2756	586
2758	2693
2762	53
2762	456
2762	999
2764	1285
2767	1189
2768	430
2768	513
2768	1301
2768	2552
2769	691
2769	1195
2771	593
2771	2665
2772	1090
2773	2473
2775	1281
2780	2259
2782	502
2783	2090
2784	250
2784	1486
2784	2693
2786	2307
2786	2486
2787	1269
2788	1201
2789	1955
2792	1062
2793	2875
2794	515
2794	2215
2795	2386
2798	1333
2798	1745
2798	2417
2799	524
2802	2741
2805	1337
2805	1888
2805	2276
2806	2
2806	1196
2808	746
2811	244
2811	1760
2812	1457
2814	1932
2815	2241
2815	2777
2817	994
2818	320
2818	432
2819	504
2821	1821
2822	1875
2823	1368
2824	192
2827	424
2828	2200
2830	196
2835	564
2836	1097
2836	2504
2837	2184
2837	2781
2838	2288
2839	1065
2839	1582
2839	1626
2840	609
2840	1951
2840	2034
2842	2394
2844	502
2844	741
2844	995
2844	1042
2844	1053
2844	1089
2844	1309
2844	1606
2844	1699
2844	1903
2844	2741
2845	1702
2845	1835
2845	1910
2845	2263
2846	1190
2846	2041
2848	860
2848	2740
2849	1469
2850	356
2850	458
2850	518
2850	796
2850	1006
2850	1113
2850	1482
2850	1516
2850	1584
2850	1692
2850	1693
2850	2497
2850	2535
2850	2864
2851	2555
2852	1311
2853	105
2853	1327
2853	1471
2853	1584
2853	2022
2853	2778
2855	311
2855	2491
2855	2507
2855	2547
2855	2703
2855	2909
2856	1084
2859	1060
2859	1633
2862	2432
2862	2841
2863	747
2869	688
2869	1179
2869	2741
2871	269
2871	741
2871	1086
2876	193
2878	398
2878	474
2878	757
2878	1415
2878	1541
2878	1874
2879	2175
2881	1513
2889	1987
2890	873
2890	2325
2891	323
2891	2269
2892	1232
2895	318
2895	329
2895	1039
2897	70
2897	498
2897	666
2897	779
2897	1113
2897	1610
2897	2135
2897	2460
2897	2866
2898	471
2899	1030
2899	1312
2899	1974
2901	1001
2903	242
2904	1478
2905	1895
2907	781
2907	838
2907	2401
2907	2416
2907	2461
2907	2621
2907	2956
2908	247
2908	353
2908	1931
2910	2269
2910	2675
2911	1182
2912	701
2913	17
2913	1481
2913	2597
2914	77
2914	2539
2916	2759
2919	635
2921	1635
2922	1286
2922	2066
2922	2068
2923	1903
2924	104
2924	1282
2924	1961
2924	2453
2924	2522
2927	2497
2927	2509
2927	2915
2929	1827
2930	356
2930	411
2930	1610
2930	1692
2930	2866
2930	2883
2931	2938
2934	1554
2937	654
2937	1739
2939	585
2939	928
2939	1781
2942	1567
2942	1933
2942	2807
2945	1342
2946	1526
2950	2315
2950	2667
2951	650
2951	884
2951	1045
2951	1068
2951	1085
2951	1371
2951	1482
2951	1572
2951	1665
2951	1699
2951	1725
2951	1747
2951	2092
2951	2252
2951	2277
2951	2325
2951	2371
2951	2470
2952	1959
2953	1546
2953	2854
2954	91
2954	431
2954	687
2954	690
2954	922
2954	1328
2954	1883
2954	2089
2954	2467
2954	2961
2955	1523
2957	2811
2958	1178
2959	1277
2960	290
2960	1085
2960	1206
2960	1371
2960	1596
2960	1747
2960	2277
2960	2371
2963	1274
2964	1664
2964	2174
2967	10
2967	201
2967	289
2967	520
2967	744
2967	1004
2967	1021
2967	1034
2967	1087
2967	1488
2967	1600
2967	1734
2967	1758
2967	2343
2967	2497
2967	2509
2967	2628
2967	2864
2968	2125
2969	849
2969	1184
2969	1455
2969	1615
2969	1702
2969	1835
2969	2845
2970	826
2972	2439
2973	26
2973	182
2974	2721
2976	1071
2977	1206
2980	2392
2983	441
2985	176
2985	757
2985	915
2985	1165
2985	2371
2986	321
2986	432
2986	1344
2987	820
2989	1642
2989	1750
2990	2384
