0	5
1	4
2	3
3	3
4	3
5	1
6	5
7	3
8	5
9	4
10	3
11	4
12	2
13	3
14	5
15	5
16	5
17	1
18	5
19	3
20	1
21	1
22	2
23	1
24	4
25	5
26	5
27	4
28	4
29	1
30	3
31	1
32	5
33	2
34	5
35	4
36	2
37	2
38	2
39	3
40	3
41	3
42	4
43	1
44	2
45	1
46	2
47	2
48	1
49	4
50	4
51	5
52	3
53	4
54	4
55	2
56	2
57	4
58	1
59	5
60	4
61	1
62	5
63	3
64	5
65	5
66	2
67	3
68	1
69	1
70	2
71	4
72	2
73	3
74	2
75	4
76	5
77	3
78	1
79	1
80	2
81	2
82	5
83	3
84	3
85	1
86	2
87	4
88	3
89	5
90	3
91	3
92	5
93	3
94	5
95	4
96	1
97	2
98	2
99	3
100	3
101	5
102	4
103	3
104	3
105	2
106	4
107	4
108	4
109	5
110	1
111	4
112	2
113	5
114	5
115	5
116	1
117	3
118	2
119	1
120	2
121	1
122	2
123	5
124	5
125	1
126	5
127	5
128	1
129	2
130	4
131	1
132	2
133	2
134	5
135	3
136	1
137	1
138	3
139	1
140	5
141	1
142	2
143	1
144	5
145	4
146	2
147	2
148	3
149	4
150	1
151	1
152	1
153	5
154	3
155	2
156	4
157	1
158	1
159	3
160	2
161	3
162	2
163	3
164	2
165	1
166	5
167	3
168	2
169	5
170	1
171	3
172	1
173	5
174	5
175	3
176	1
177	4
178	4
179	3
180	5
181	5
182	3
183	4
184	3
185	4
186	5
187	5
188	1
189	4
190	4
191	1
192	3
193	2
194	3
195	4
196	2
197	5
198	3
199	5
200	3
201	2
202	4
203	4
204	5
205	1
206	4
207	1
208	5
209	1
210	3
211	5
212	3
213	2
214	2
215	3
216	5
217	2
218	4
219	1
220	4
221	1
222	3
223	3
224	2
225	3
226	5
227	2
228	1
229	4
230	1
231	4
232	2
233	4
234	1
235	2
236	4
237	5
238	3
239	2
240	1
241	3
242	1
243	5
244	3
245	5
246	5
247	4
248	2
249	5
250	3
251	4
252	3
253	5
254	5
255	3
256	1
257	2
258	1
259	1
260	5
261	2
262	4
263	5
264	2
265	3
266	5
267	4
268	2
269	5
270	3
271	5
272	5
273	3
274	3
275	2
276	5
277	5
278	3
279	1
280	3
281	2
282	3
283	2
284	4
285	3
286	3
287	4
288	1
289	5
290	4
291	4
292	3
293	2
294	5
295	3
296	3
297	4
298	4
299	5
300	3
301	1
302	1
303	1
304	1
305	2
306	4
307	2
308	1
309	1
310	4
311	4
312	1
313	2
314	3
315	2
316	4
317	5
318	4
319	5
320	4
321	3
322	5
323	1
324	1
325	5
326	3
327	4
328	3
329	5
330	5
331	2
332	3
333	2
334	4
335	1
336	4
337	1
338	1
339	3
340	5
341	4
342	5
343	2
344	5
345	2
346	1
347	5
348	1
349	2
350	1
351	1
352	4
353	1
354	5
355	2
356	3
357	4
358	5
359	2
360	5
361	4
362	1
363	1
364	1
365	1
366	5
367	1
368	5
369	1
370	2
371	2
372	3
373	3
374	2
375	4
376	1
377	2
378	5
379	5
380	1
381	5
382	3
383	3
384	4
385	3
386	5
387	3
388	4
389	2
390	5
391	5
392	1
393	4
394	5
395	3
396	4
397	4
398	1
399	4
400	5
401	2
402	3
403	2
404	4
405	3
406	5
407	4
408	2
409	2
410	1
411	3
412	2
413	3
414	1
415	5
416	1
417	4
418	1
419	3
420	4
421	3
422	4
423	5
424	2
425	4
426	4
427	5
428	4
429	5
430	1
431	1
432	3
433	2
434	4
435	1
436	3
437	5
438	1
439	2
440	1
441	1
442	4
443	5
444	4
445	1
446	3
447	3
448	2
449	1
450	4
451	4
452	2
453	3
454	3
455	1
456	2
457	3
458	1
459	5
460	5
461	5
462	5
463	3
464	2
465	1
466	4
467	2
468	2
469	4
470	2
471	1
472	5
473	5
474	5
475	1
476	2
477	5
478	5
479	2
480	2
481	2
482	3
483	1
484	5
485	4
486	4
487	5
488	1
489	3
490	3
491	1
492	4
493	3
494	4
495	4
496	2
497	5
498	4
499	5
500	4
501	2
502	1
503	5
504	4
505	4
506	1
507	2
508	5
509	4
510	5
511	2
512	5
513	5
514	5
515	1
516	2
517	5
518	5
519	1
520	2
521	1
522	3
523	3
524	1
525	2
526	1
527	1
528	1
529	4
530	3
531	5
532	4
533	3
534	2
535	1
536	2
537	3
538	2
539	1
540	1
541	1
542	4
543	2
544	4
545	3
546	2
547	2
548	2
549	1
550	4
551	2
552	1
553	2
554	5
555	1
556	2
557	3
558	3
559	4
560	1
561	5
562	5
563	4
564	1
565	1
566	2
567	2
568	4
569	5
570	4
571	4
572	3
573	3
574	3
575	3
576	1
577	5
578	3
579	1
580	2
581	3
582	4
583	4
584	4
585	4
586	3
587	2
588	4
589	3
590	3
591	1
592	5
593	1
594	4
595	1
596	4
597	2
598	3
599	1
600	2
601	4
602	5
603	4
604	1
605	2
606	5
607	1
608	5
609	3
610	5
611	3
612	3
613	5
614	1
615	2
616	1
617	4
618	4
619	4
620	4
621	1
622	5
623	1
624	5
625	1
626	5
627	4
628	5
629	4
630	5
631	1
632	1
633	1
634	5
635	5
636	5
637	4
638	1
639	4
640	3
641	4
642	2
643	5
644	1
645	5
646	4
647	3
648	5
649	2
650	3
651	5
652	5
653	2
654	4
655	4
656	4
657	3
658	1
659	1
660	2
661	1
662	2
663	5
664	4
665	4
666	2
667	4
668	1
669	1
670	4
671	5
672	2
673	4
674	5
675	1
676	2
677	5
678	3
679	5
680	5
681	4
682	5
683	4
684	1
685	2
686	2
687	1
688	2
689	2
690	2
691	3
692	2
693	2
694	1
695	5
696	1
697	4
698	1
699	5
700	3
701	5
702	1
703	4
704	4
705	4
706	3
707	3
708	3
709	3
710	2
711	1
712	5
713	1
714	3
715	2
716	5
717	5
718	1
719	3
720	3
721	1
722	3
723	3
724	5
725	2
726	5
727	3
728	5
729	2
730	1
731	5
732	4
733	4
734	3
735	4
736	3
737	5
738	3
739	3
740	1
741	5
742	4
743	2
744	4
745	2
746	1
747	2
748	1
749	5
750	5
751	3
752	2
753	4
754	1
755	1
756	2
757	2
758	5
759	2
760	1
761	1
762	2
763	5
764	1
765	1
766	1
767	5
768	5
769	5
770	5
771	2
772	2
773	2
774	5
775	5
776	4
777	2
778	1
779	2
780	4
781	4
782	3
783	5
784	3
785	2
786	3
787	4
788	1
789	1
790	1
791	1
792	1
793	5
794	1
795	3
796	5
797	3
798	2
799	5
800	5
801	4
802	1
803	2
804	1
805	3
806	5
807	3
808	3
809	4
810	2
811	4
812	2
813	4
814	2
815	1
816	1
817	4
818	5
819	2
820	1
821	1
822	5
823	2
824	4
825	3
826	4
827	2
828	3
829	5
830	4
831	5
832	3
833	4
834	5
835	4
836	1
837	1
838	4
839	1
840	5
841	4
842	5
843	2
844	4
845	5
846	3
847	3
848	3
849	4
850	4
851	2
852	5
853	4
854	2
855	3
856	1
857	1
858	4
859	1
860	2
861	5
862	3
863	4
864	5
865	5
866	4
867	4
868	2
869	3
870	2
871	2
872	2
873	4
874	3
875	3
876	2
877	4
878	4
879	1
880	5
881	4
882	5
883	5
884	1
885	3
886	2
887	1
888	5
889	2
890	3
891	5
892	3
893	3
894	5
895	4
896	4
897	4
898	5
899	2
900	1
901	5
902	1
903	5
904	5
905	5
906	4
907	3
908	3
909	2
910	1
911	2
912	5
913	1
914	1
915	2
916	5
917	3
918	2
919	4
920	5
921	3
922	3
923	4
924	2
925	5
926	1
927	4
928	2
929	1
930	3
931	4
932	4
933	4
934	1
935	4
936	4
937	5
938	3
939	3
940	2
941	3
942	5
943	1
944	2
945	1
946	5
947	4
948	5
949	3
950	5
951	4
952	5
953	4
954	4
955	1
956	5
957	1
958	2
959	1
960	3
961	3
962	4
963	4
964	2
965	5
966	2
967	1
968	2
969	1
970	3
971	4
972	2
973	3
974	2
975	4
976	2
977	3
978	2
979	3
980	4
981	1
982	1
983	1
984	1
985	4
986	3
987	5
988	3
989	3
990	2
991	4
992	5
993	3
994	5
995	1
996	3
997	3
998	4
999	4
1000	5
1001	2
1002	3
1003	1
1004	2
1005	3
1006	3
1007	2
1008	1
1009	2
1010	5
1011	4
1012	2
1013	3
1014	5
1015	4
1016	1
1017	3
1018	4
1019	2
1020	2
1021	3
1022	4
1023	1
1024	3
1025	3
1026	5
1027	3
1028	4
1029	1
1030	3
1031	1
1032	4
1033	4
1034	1
1035	4
1036	4
1037	1
1038	5
1039	3
1040	2
1041	3
1042	4
1043	2
1044	3
1045	4
1046	5
1047	3
1048	2
1049	4
1050	5
1051	5
1052	2
1053	3
1054	5
1055	5
1056	5
1057	3
1058	2
1059	2
1060	1
1061	5
1062	5
1063	4
1064	4
1065	3
1066	4
1067	1
1068	1
1069	4
1070	2
1071	1
1072	4
1073	3
1074	5
1075	1
1076	1
1077	5
1078	5
1079	2
1080	3
1081	1
1082	4
1083	4
1084	4
1085	5
1086	4
1087	1
1088	1
1089	3
1090	2
1091	2
1092	1
1093	1
1094	5
1095	2
1096	3
1097	2
1098	4
1099	3
1100	5
1101	2
1102	4
1103	3
1104	1
1105	4
1106	2
1107	1
1108	3
1109	4
1110	4
1111	5
1112	3
1113	3
1114	4
1115	4
1116	3
1117	2
1118	2
1119	3
1120	4
1121	4
1122	2
1123	3
1124	5
1125	1
1126	2
1127	1
1128	5
1129	4
1130	3
1131	2
1132	5
1133	3
1134	1
1135	5
1136	3
1137	5
1138	4
1139	1
1140	3
1141	5
1142	3
1143	3
1144	3
1145	5
1146	3
1147	5
1148	1
1149	1
1150	2
1151	1
1152	3
1153	5
1154	2
1155	1
1156	1
1157	1
1158	3
1159	3
1160	2
1161	4
1162	1
1163	2
1164	3
1165	2
1166	3
1167	2
1168	1
1169	3
1170	3
1171	1
1172	4
1173	5
1174	1
1175	2
1176	3
1177	3
1178	5
1179	4
1180	4
1181	4
1182	1
1183	4
1184	2
1185	1
1186	1
1187	5
1188	2
1189	3
1190	2
1191	2
1192	2
1193	4
1194	1
1195	4
1196	2
1197	5
1198	3
1199	2
1200	2
1201	2
1202	5
1203	1
1204	5
1205	5
1206	3
1207	4
1208	2
1209	2
1210	5
1211	1
1212	2
1213	3
1214	2
1215	4
1216	3
1217	4
1218	1
1219	5
1220	2
1221	4
1222	1
1223	5
1224	4
1225	1
1226	5
1227	5
1228	1
1229	4
1230	4
1231	2
1232	3
1233	5
1234	3
1235	1
1236	4
1237	5
1238	3
1239	2
1240	5
1241	5
1242	3
1243	4
1244	1
1245	2
1246	1
1247	1
1248	3
1249	2
1250	1
1251	4
1252	3
1253	5
1254	3
1255	5
1256	4
1257	5
1258	4
1259	2
1260	1
1261	4
1262	5
1263	1
1264	2
1265	3
1266	4
1267	3
1268	1
1269	5
1270	3
1271	3
1272	3
1273	4
1274	1
1275	1
1276	3
1277	2
1278	4
1279	5
1280	2
1281	4
1282	4
1283	3
1284	5
1285	4
1286	3
1287	1
1288	1
1289	5
1290	4
1291	5
1292	5
1293	4
1294	3
1295	2
1296	2
1297	3
1298	1
1299	3
1300	4
1301	3
1302	4
1303	3
1304	5
1305	2
1306	1
1307	5
1308	5
1309	2
1310	1
1311	1
1312	1
1313	3
1314	5
1315	1
1316	3
1317	2
1318	2
1319	4
1320	1
1321	1
1322	3
1323	1
1324	2
1325	1
1326	5
1327	2
1328	3
1329	1
1330	3
1331	5
1332	3
1333	5
1334	4
1335	3
1336	3
1337	3
1338	5
1339	4
1340	1
1341	5
1342	3
1343	3
1344	4
1345	4
1346	4
1347	2
1348	2
1349	2
1350	5
1351	5
1352	2
1353	5
1354	4
1355	1
1356	3
1357	1
1358	4
1359	4
1360	3
1361	4
1362	4
1363	2
1364	1
1365	3
1366	5
1367	5
1368	1
1369	5
1370	5
1371	2
1372	5
1373	2
1374	4
1375	3
1376	3
1377	2
1378	1
1379	1
1380	4
1381	4
1382	5
1383	2
1384	1
1385	3
1386	2
1387	5
1388	2
1389	2
1390	3
1391	2
1392	1
1393	5
1394	5
1395	5
1396	5
1397	2
1398	1
1399	4
1400	4
1401	3
1402	1
1403	2
1404	4
1405	3
1406	4
1407	4
1408	1
1409	5
1410	1
1411	3
1412	3
1413	4
1414	5
1415	4
1416	2
1417	1
1418	5
1419	4
1420	4
1421	3
1422	4
1423	2
1424	5
1425	3
1426	3
1427	2
1428	3
1429	3
1430	1
1431	4
1432	2
1433	2
1434	4
1435	1
1436	3
1437	2
1438	1
1439	5
1440	2
1441	3
1442	1
1443	1
1444	2
1445	2
1446	2
1447	4
1448	3
1449	5
1450	5
1451	3
1452	2
1453	3
1454	2
1455	2
1456	5
1457	5
1458	1
1459	5
1460	1
1461	1
1462	4
1463	2
1464	2
1465	5
1466	5
1467	4
1468	2
1469	5
1470	2
1471	3
1472	2
1473	3
1474	2
1475	4
1476	1
1477	1
1478	1
1479	1
1480	1
1481	2
1482	1
1483	1
1484	1
1485	1
1486	4
1487	2
1488	3
1489	1
1490	5
1491	1
1492	3
1493	5
1494	4
1495	4
1496	2
1497	5
1498	2
1499	5
1500	4
1501	3
1502	3
1503	2
1504	1
1505	4
1506	3
1507	1
1508	3
1509	5
1510	3
1511	4
1512	3
1513	1
1514	2
1515	2
1516	1
1517	1
1518	5
1519	4
1520	1
1521	1
1522	5
1523	5
1524	2
1525	3
1526	4
1527	3
1528	3
1529	5
1530	3
1531	5
1532	4
1533	1
1534	4
1535	1
1536	4
1537	3
1538	2
1539	4
1540	4
1541	3
1542	5
1543	5
1544	5
1545	3
1546	1
1547	3
1548	5
1549	2
1550	2
1551	2
1552	4
1553	4
1554	2
1555	5
1556	1
1557	1
1558	5
1559	4
1560	4
1561	1
1562	2
1563	1
1564	3
1565	5
1566	3
1567	2
1568	3
1569	1
1570	4
1571	2
1572	1
1573	2
1574	2
1575	2
1576	1
1577	2
1578	3
1579	1
1580	2
1581	3
1582	3
1583	3
1584	2
1585	2
1586	1
1587	3
1588	2
1589	4
1590	4
1591	5
1592	4
1593	2
1594	3
1595	3
1596	3
1597	1
1598	2
1599	5
1600	2
1601	1
1602	3
1603	2
1604	5
1605	4
1606	4
1607	2
1608	1
1609	2
1610	4
1611	2
1612	5
1613	1
1614	5
1615	2
1616	2
1617	3
1618	3
1619	3
1620	5
1621	3
1622	4
1623	4
1624	4
1625	2
1626	4
1627	2
1628	2
1629	4
1630	3
1631	4
1632	3
1633	2
1634	3
1635	3
1636	1
1637	3
1638	3
1639	1
1640	1
1641	2
1642	5
1643	4
1644	4
1645	2
1646	3
1647	1
1648	5
1649	2
1650	4
1651	4
1652	1
1653	4
1654	2
1655	2
1656	4
1657	2
1658	3
1659	3
1660	5
1661	3
1662	5
1663	1
1664	5
1665	2
1666	5
1667	1
1668	3
1669	1
1670	1
1671	5
1672	4
1673	5
1674	4
1675	1
1676	4
1677	3
1678	5
1679	5
1680	4
1681	4
1682	2
1683	4
1684	4
1685	4
1686	3
1687	1
1688	4
1689	3
1690	5
1691	2
1692	5
1693	5
1694	2
1695	4
1696	4
1697	3
1698	1
1699	1
1700	5
1701	3
1702	1
1703	2
1704	5
1705	1
1706	5
1707	5
1708	2
1709	5
1710	5
1711	1
1712	4
1713	4
1714	5
1715	2
1716	4
1717	1
1718	1
1719	3
1720	2
1721	2
1722	5
1723	4
1724	2
1725	2
1726	4
1727	5
1728	2
1729	1
1730	3
1731	3
1732	2
1733	3
1734	3
1735	4
1736	2
1737	3
1738	3
1739	3
1740	3
1741	2
1742	5
1743	4
1744	2
1745	5
1746	1
1747	2
1748	5
1749	4
1750	2
1751	5
1752	5
1753	4
1754	3
1755	3
1756	5
1757	5
1758	3
1759	3
1760	5
1761	4
1762	3
1763	3
1764	4
1765	2
1766	2
1767	1
1768	4
1769	2
1770	4
1771	1
1772	1
1773	5
1774	4
1775	5
1776	4
1777	3
1778	4
1779	3
1780	3
1781	2
1782	5
1783	5
1784	3
1785	3
1786	3
1787	4
1788	1
1789	3
1790	4
1791	4
1792	4
1793	4
1794	3
1795	2
1796	5
1797	4
1798	4
1799	5
1800	3
1801	3
1802	4
1803	4
1804	1
1805	4
1806	1
1807	2
1808	4
1809	3
1810	1
1811	2
1812	2
1813	4
1814	4
1815	2
1816	1
1817	5
1818	3
1819	1
1820	2
1821	2
1822	3
1823	4
1824	1
1825	1
1826	3
1827	1
1828	5
1829	3
1830	3
1831	1
1832	5
1833	5
1834	1
1835	2
1836	4
1837	1
1838	2
1839	2
1840	2
1841	5
1842	1
1843	1
1844	5
1845	3
1846	4
1847	1
1848	2
1849	3
1850	2
1851	5
1852	3
1853	1
1854	2
1855	1
1856	4
1857	4
1858	5
1859	1
1860	3
1861	5
1862	2
1863	4
1864	2
1865	4
1866	2
1867	5
1868	2
1869	4
1870	1
1871	3
1872	4
1873	1
1874	3
1875	2
1876	2
1877	3
1878	5
1879	1
1880	2
1881	2
1882	2
1883	4
1884	4
1885	3
1886	1
1887	1
1888	4
1889	2
1890	5
1891	5
1892	4
1893	1
1894	4
1895	2
1896	5
1897	1
1898	4
1899	1
1900	5
1901	1
1902	1
1903	1
1904	3
1905	5
1906	3
1907	3
1908	1
1909	3
1910	4
1911	5
1912	2
1913	1
1914	2
1915	5
1916	5
1917	4
1918	4
1919	5
1920	5
1921	4
1922	5
1923	5
1924	4
1925	5
1926	1
1927	2
1928	3
1929	3
1930	2
1931	5
1932	2
1933	5
1934	1
1935	5
1936	2
1937	1
1938	2
1939	2
1940	5
1941	5
1942	2
1943	3
1944	2
1945	3
1946	4
1947	4
1948	1
1949	5
1950	4
1951	3
1952	1
1953	3
1954	1
1955	3
1956	3
1957	1
1958	2
1959	3
1960	5
1961	4
1962	4
1963	5
1964	2
1965	2
1966	5
1967	1
1968	1
1969	5
1970	1
1971	4
1972	4
1973	1
1974	5
1975	2
1976	2
1977	3
1978	2
1979	4
1980	3
1981	4
1982	1
1983	2
1984	5
1985	5
1986	3
1987	3
1988	5
1989	5
1990	1
1991	4
1992	4
1993	4
1994	1
1995	1
1996	2
1997	3
1998	5
1999	5
2000	4
2001	4
2002	5
2003	2
2004	2
2005	3
2006	5
2007	2
2008	5
2009	3
2010	2
2011	4
2012	3
2013	2
2014	2
2015	2
2016	5
2017	1
2018	2
2019	1
2020	5
2021	1
2022	2
2023	2
2024	5
2025	3
2026	2
2027	2
2028	5
2029	1
2030	1
2031	4
2032	1
2033	3
2034	2
2035	5
2036	5
2037	5
2038	2
2039	3
2040	4
2041	3
2042	5
2043	3
2044	1
2045	1
2046	2
2047	1
2048	5
2049	5
2050	1
2051	2
2052	1
2053	3
2054	3
2055	1
2056	4
2057	4
2058	1
2059	4
2060	4
2061	5
2062	2
2063	5
2064	1
2065	1
2066	5
2067	3
2068	5
2069	1
2070	5
2071	1
2072	4
2073	1
2074	2
2075	2
2076	2
2077	3
2078	4
2079	5
2080	4
2081	4
2082	3
2083	2
2084	3
2085	5
2086	2
2087	5
2088	5
2089	5
2090	5
2091	2
2092	1
2093	2
2094	1
2095	4
2096	5
2097	4
2098	3
2099	2
2100	2
2101	4
2102	3
2103	5
2104	2
2105	1
2106	5
2107	3
2108	2
2109	4
2110	3
2111	5
2112	1
2113	4
2114	5
2115	1
2116	5
2117	5
2118	4
2119	4
2120	3
2121	1
2122	4
2123	2
2124	3
2125	3
2126	5
2127	1
2128	5
2129	5
2130	3
2131	5
2132	2
2133	3
2134	4
2135	2
2136	2
2137	2
2138	3
2139	3
2140	3
2141	5
2142	4
2143	2
2144	5
2145	1
2146	1
2147	2
2148	2
2149	2
2150	5
2151	5
2152	1
2153	3
2154	5
2155	2
2156	1
2157	1
2158	2
2159	4
2160	1
2161	4
2162	2
2163	2
2164	5
2165	1
2166	2
2167	3
2168	4
2169	4
2170	1
2171	4
2172	2
2173	3
2174	1
2175	2
2176	1
2177	2
2178	5
2179	4
2180	5
2181	1
2182	2
2183	3
2184	1
2185	2
2186	4
2187	2
2188	4
2189	1
2190	3
2191	1
2192	3
2193	2
2194	1
2195	3
2196	3
2197	2
2198	4
2199	2
2200	1
2201	3
2202	2
2203	2
2204	1
2205	4
2206	1
2207	2
2208	3
2209	4
2210	2
2211	5
2212	4
2213	2
2214	2
2215	4
2216	3
2217	5
2218	4
2219	1
2220	4
2221	4
2222	1
2223	2
2224	5
2225	2
2226	1
2227	3
2228	1
2229	3
2230	3
2231	5
2232	3
2233	1
2234	4
2235	1
2236	5
2237	1
2238	4
2239	4
2240	4
2241	3
2242	5
2243	3
2244	4
2245	1
2246	5
2247	3
2248	5
2249	4
2250	2
2251	1
2252	1
2253	2
2254	2
2255	2
2256	3
2257	2
2258	5
2259	3
2260	5
2261	4
2262	4
2263	5
2264	1
2265	1
2266	3
2267	2
2268	4
2269	2
2270	2
2271	4
2272	4
2273	5
2274	5
2275	4
2276	5
2277	2
2278	1
2279	4
2280	4
2281	5
2282	4
2283	5
2284	1
2285	4
2286	2
2287	4
2288	3
2289	3
2290	5
2291	3
2292	1
2293	4
2294	2
2295	3
2296	2
2297	4
2298	5
2299	4
2300	3
2301	5
2302	2
2303	1
2304	1
2305	4
2306	5
2307	4
2308	2
2309	4
2310	1
2311	5
2312	4
2313	1
2314	3
2315	5
2316	1
2317	2
2318	1
2319	1
2320	1
2321	4
2322	1
2323	3
2324	4
2325	1
2326	4
2327	3
2328	3
2329	4
2330	5
2331	1
2332	2
2333	5
2334	1
2335	1
2336	3
2337	1
2338	1
2339	3
2340	3
2341	2
2342	2
2343	5
2344	2
2345	3
2346	1
2347	2
2348	5
2349	5
2350	3
2351	5
2352	4
2353	1
2354	1
2355	4
2356	3
2357	2
2358	4
2359	4
2360	5
2361	2
2362	2
2363	2
2364	1
2365	2
2366	5
2367	1
2368	3
2369	1
2370	5
2371	5
2372	2
2373	2
2374	5
2375	5
2376	4
2377	3
2378	3
2379	3
2380	3
2381	5
2382	1
2383	1
2384	3
2385	3
2386	1
2387	1
2388	1
2389	3
2390	3
2391	1
2392	2
2393	2
2394	1
2395	4
2396	5
2397	3
2398	5
2399	5
2400	3
2401	5
2402	3
2403	2
2404	2
2405	4
2406	5
2407	5
2408	3
2409	5
2410	3
2411	4
2412	3
2413	2
2414	4
2415	4
2416	2
2417	3
2418	5
2419	5
2420	5
2421	4
2422	3
2423	3
2424	1
2425	2
2426	4
2427	4
2428	3
2429	5
2430	5
2431	3
2432	3
2433	4
2434	1
2435	5
2436	4
2437	3
2438	2
2439	3
2440	3
2441	2
2442	1
2443	2
2444	5
2445	5
2446	1
2447	3
2448	2
2449	3
2450	3
2451	1
2452	5
2453	3
2454	1
2455	5
2456	5
2457	4
2458	2
2459	5
2460	5
2461	1
2462	1
2463	2
2464	2
2465	5
2466	1
2467	2
2468	4
2469	1
2470	5
2471	1
2472	3
2473	2
2474	3
2475	5
2476	1
2477	5
2478	3
2479	3
2480	1
2481	3
2482	4
2483	3
2484	5
2485	3
2486	1
2487	1
2488	3
2489	1
2490	3
2491	4
2492	1
2493	1
2494	1
2495	1
2496	3
2497	3
2498	5
2499	2
2500	5
2501	2
2502	1
2503	4
2504	1
2505	1
2506	3
2507	5
2508	4
2509	2
2510	3
2511	1
2512	3
2513	2
2514	4
2515	2
2516	2
2517	3
2518	1
2519	2
2520	1
2521	2
2522	5
2523	4
2524	2
2525	4
2526	4
2527	2
2528	1
2529	5
2530	3
2531	5
2532	3
2533	5
2534	4
2535	3
2536	1
2537	2
2538	3
2539	5
2540	5
2541	4
2542	3
2543	5
2544	2
2545	4
2546	2
2547	1
2548	3
2549	1
2550	3
2551	5
2552	1
2553	1
2554	3
2555	3
2556	5
2557	4
2558	4
2559	1
2560	3
2561	5
2562	4
2563	3
2564	2
2565	5
2566	4
2567	2
2568	2
2569	3
2570	4
2571	3
2572	4
2573	5
2574	5
2575	2
2576	2
2577	5
2578	3
2579	3
2580	1
2581	1
2582	2
2583	5
2584	1
2585	2
2586	2
2587	4
2588	1
2589	1
2590	2
2591	5
2592	5
2593	4
2594	4
2595	4
2596	2
2597	4
2598	1
2599	5
2600	1
2601	2
2602	5
2603	1
2604	4
2605	3
2606	2
2607	4
2608	2
2609	4
2610	2
2611	1
2612	2
2613	5
2614	4
2615	4
2616	5
2617	3
2618	2
2619	5
2620	3
2621	4
2622	4
2623	5
2624	2
2625	5
2626	2
2627	1
2628	2
2629	5
2630	5
2631	2
2632	5
2633	4
2634	1
2635	4
2636	2
2637	1
2638	1
2639	5
2640	5
2641	1
2642	2
2643	1
2644	2
2645	2
2646	4
2647	3
2648	5
2649	2
2650	1
2651	2
2652	4
2653	3
2654	3
2655	4
2656	4
2657	2
2658	2
2659	3
2660	4
2661	5
2662	2
2663	2
2664	1
2665	2
2666	1
2667	2
2668	1
2669	3
2670	5
2671	5
2672	3
2673	4
2674	3
2675	1
2676	2
2677	2
2678	3
2679	1
2680	3
2681	3
2682	5
2683	4
2684	5
2685	1
2686	3
2687	1
2688	4
2689	2
2690	4
2691	5
2692	1
2693	3
2694	2
2695	4
2696	4
2697	4
2698	2
2699	2
2700	1
2701	2
2702	4
2703	3
2704	5
2705	3
2706	5
2707	2
2708	3
2709	1
2710	5
2711	1
2712	3
2713	5
2714	5
2715	4
2716	2
2717	1
2718	2
2719	5
2720	2
2721	2
2722	1
2723	5
2724	3
2725	3
2726	1
2727	3
2728	5
2729	1
2730	2
2731	2
2732	4
2733	5
2734	5
2735	4
2736	5
2737	2
2738	2
2739	2
2740	5
2741	1
2742	4
2743	2
2744	4
2745	1
2746	1
2747	3
2748	5
2749	4
2750	5
2751	1
2752	4
2753	2
2754	1
2755	1
2756	1
2757	3
2758	5
2759	5
2760	4
2761	3
2762	1
2763	4
2764	4
2765	1
2766	4
2767	5
2768	1
2769	3
2770	5
2771	2
2772	4
2773	2
2774	3
2775	1
2776	1
2777	3
2778	2
2779	1
2780	4
2781	2
2782	4
2783	1
2784	1
2785	4
2786	3
2787	3
2788	2
2789	2
2790	5
2791	5
2792	2
2793	4
2794	2
2795	3
2796	1
2797	2
2798	5
2799	3
2800	5
2801	4
2802	4
2803	3
2804	2
2805	3
2806	5
2807	4
2808	1
2809	2
2810	5
2811	2
2812	3
2813	2
2814	1
2815	4
2816	4
2817	5
2818	4
2819	2
2820	4
2821	1
2822	1
2823	3
2824	5
2825	1
2826	2
2827	5
2828	5
2829	5
2830	5
2831	2
2832	5
2833	2
2834	4
2835	3
2836	1
2837	4
2838	4
2839	5
2840	1
2841	2
2842	4
2843	4
2844	3
2845	1
2846	5
2847	5
2848	2
2849	1
2850	5
2851	3
2852	2
2853	2
2854	5
2855	5
2856	1
2857	5
2858	4
2859	5
2860	5
2861	1
2862	5
2863	2
2864	2
2865	1
2866	3
2867	2
2868	5
2869	1
2870	4
2871	3
2872	1
2873	3
2874	2
2875	3
2876	3
2877	4
2878	2
2879	5
2880	4
2881	5
2882	3
2883	5
2884	3
2885	4
2886	1
2887	5
2888	1
2889	1
2890	3
2891	4
2892	2
2893	2
2894	1
2895	5
2896	2
2897	2
2898	1
2899	2
2900	3
2901	2
2902	3
2903	5
2904	2
2905	4
2906	4
2907	5
2908	1
2909	4
2910	3
2911	5
2912	4
2913	3
2914	2
2915	3
2916	3
2917	1
2918	3
2919	4
2920	3
2921	2
2922	2
2923	4
2924	5
2925	4
2926	1
2927	1
2928	1
2929	2
2930	1
2931	1
2932	5
2933	1
2934	3
2935	4
2936	3
2937	3
2938	4
2939	5
2940	2
2941	4
2942	1
2943	5
2944	5
2945	5
2946	2
2947	2
2948	4
2949	4
2950	5
2951	5
2952	5
2953	5
2954	1
2955	1
2956	2
2957	1
2958	3
2959	4
2960	5
2961	2
2962	5
2963	4
2964	3
2965	5
2966	5
2967	2
2968	3
2969	4
2970	3
2971	4
2972	4
2973	5
2974	3
2975	2
2976	3
2977	3
2978	2
2979	5
2980	2
2981	3
2982	2
2983	3
2984	1
2985	3
2986	4
2987	2
2988	3
2989	5
2990	5
2991	4
2992	2
2993	4
2994	4
2995	1
2996	4
2997	5
2998	1
2999	2
3000	5
3001	2
3002	2
3003	4
3004	2
3005	3
3006	3
3007	3
3008	3
3009	1
3010	1
3011	5
3012	1
3013	2
3014	5
3015	1
3016	3
3017	5
3018	5
3019	3
3020	2
3021	1
3022	4
3023	1
3024	1
3025	4
3026	3
3027	2
3028	2
3029	3
3030	1
3031	1
3032	1
3033	3
3034	5
3035	5
3036	2
3037	3
3038	2
3039	3
3040	1
3041	2
3042	2
3043	4
3044	1
3045	3
3046	5
3047	2
3048	4
3049	2
3050	3
3051	4
3052	4
3053	3
3054	1
3055	3
3056	5
3057	5
3058	3
3059	5
3060	2
3061	5
3062	5
3063	4
3064	3
3065	2
3066	5
3067	4
3068	4
3069	5
3070	3
3071	2
3072	3
3073	1
3074	2
3075	3
3076	3
3077	4
3078	5
3079	3
3080	3
3081	3
3082	3
3083	3
3084	2
3085	5
3086	4
3087	2
3088	2
3089	2
3090	2
3091	3
3092	3
3093	2
3094	5
3095	1
3096	3
3097	5
3098	5
3099	2
3100	2
3101	5
3102	4
3103	2
3104	1
3105	4
3106	3
3107	1
3108	1
3109	4
3110	1
3111	2
3112	5
3113	1
3114	4
3115	4
3116	1
3117	4
3118	1
3119	1
3120	4
3121	4
3122	5
3123	5
3124	4
3125	5
3126	1
3127	4
3128	2
3129	3
3130	5
3131	5
3132	2
3133	1
3134	2
3135	4
3136	3
3137	3
3138	4
3139	2
3140	5
3141	5
3142	2
3143	5
3144	1
3145	5
3146	3
3147	1
3148	3
3149	1
3150	5
3151	4
3152	1
3153	2
3154	3
3155	2
3156	4
3157	1
3158	4
3159	2
3160	1
3161	2
3162	5
3163	2
3164	5
3165	1
3166	3
3167	5
3168	1
3169	4
3170	4
3171	4
3172	1
3173	2
3174	4
3175	3
3176	2
3177	5
3178	4
3179	4
3180	1
3181	4
3182	1
3183	4
3184	5
3185	4
3186	4
3187	3
3188	5
3189	1
3190	5
3191	3
3192	2
3193	5
3194	1
3195	2
3196	3
3197	5
3198	4
3199	5
3200	3
3201	1
3202	1
3203	3
3204	3
3205	4
3206	5
3207	4
3208	4
3209	2
3210	3
3211	5
3212	1
3213	3
3214	5
3215	3
3216	2
3217	5
3218	1
3219	5
3220	4
3221	3
3222	2
3223	1
3224	1
3225	4
3226	2
3227	2
3228	3
3229	5
3230	4
3231	1
3232	1
3233	2
3234	1
3235	1
3236	1
3237	2
3238	4
3239	4
3240	3
3241	4
3242	2
3243	2
3244	2
3245	2
3246	3
3247	3
3248	2
3249	5
3250	5
3251	5
3252	5
3253	2
3254	4
3255	3
3256	4
3257	5
3258	2
3259	5
3260	4
3261	4
3262	2
3263	1
3264	2
3265	1
3266	2
3267	5
3268	2
3269	2
3270	4
3271	1
3272	5
3273	4
3274	5
3275	5
3276	5
3277	1
3278	3
3279	4
3280	1
3281	2
3282	3
3283	3
3284	5
3285	2
3286	1
3287	2
3288	2
3289	1
3290	4
3291	3
3292	4
3293	3
3294	2
3295	3
3296	5
3297	4
3298	3
3299	5
3300	5
3301	3
3302	2
3303	2
3304	2
3305	2
3306	2
3307	2
3308	5
3309	3
3310	4
3311	1
3312	3
3313	1
3314	3
3315	3
3316	5
3317	5
3318	1
3319	3
3320	2
3321	2
3322	4
3323	5
3324	2
3325	3
3326	4
3327	4
3328	2
3329	4
3330	2
3331	1
3332	4
3333	4
3334	3
3335	4
3336	3
3337	1
3338	5
3339	1
3340	3
3341	5
3342	1
3343	3
3344	3
3345	5
3346	3
3347	4
3348	2
3349	2
3350	5
3351	4
3352	5
3353	3
3354	3
3355	4
3356	4
3357	2
3358	2
3359	3
3360	5
3361	4
3362	4
3363	5
3364	5
3365	3
3366	4
3367	3
3368	4
3369	1
3370	4
3371	2
3372	2
3373	2
3374	5
3375	4
3376	4
3377	5
3378	4
3379	2
3380	3
3381	3
3382	3
3383	5
3384	3
3385	1
3386	5
3387	4
3388	4
3389	3
3390	4
3391	5
3392	2
3393	2
3394	3
3395	1
3396	4
3397	4
3398	1
3399	3
3400	2
3401	2
3402	4
3403	4
3404	2
3405	3
3406	1
3407	2
3408	1
3409	1
3410	4
3411	1
3412	1
3413	3
3414	1
3415	1
3416	5
3417	3
3418	5
3419	5
3420	1
3421	1
3422	1
3423	5
3424	2
3425	3
3426	3
3427	2
3428	3
3429	4
3430	3
3431	3
3432	2
3433	5
3434	5
3435	2
3436	5
3437	5
3438	5
3439	4
3440	5
3441	1
3442	3
3443	5
3444	2
3445	1
3446	2
3447	2
3448	3
3449	2
3450	4
3451	3
3452	5
3453	2
3454	5
3455	5
3456	2
3457	4
3458	4
3459	4
3460	4
3461	5
3462	4
3463	5
3464	2
3465	5
3466	5
3467	2
3468	3
3469	5
3470	4
3471	1
3472	5
3473	1
3474	5
3475	3
3476	5
3477	5
3478	3
3479	1
3480	3
3481	4
3482	4
3483	3
3484	4
3485	2
3486	1
3487	1
3488	5
3489	2
3490	1
3491	4
3492	2
3493	4
3494	4
3495	1
3496	5
3497	5
3498	5
3499	5
3500	5
3501	5
3502	5
3503	3
3504	5
3505	2
3506	4
3507	3
3508	4
3509	5
3510	1
3511	2
3512	1
3513	3
3514	4
3515	1
3516	1
3517	5
3518	5
3519	5
3520	1
3521	1
3522	5
3523	1
3524	5
3525	5
3526	1
3527	5
3528	3
3529	1
3530	4
3531	1
3532	3
3533	4
3534	5
3535	5
3536	2
3537	5
3538	4
3539	4
3540	4
3541	1
3542	4
3543	5
3544	5
3545	3
3546	2
3547	1
3548	4
3549	2
3550	1
3551	4
3552	4
3553	3
3554	5
3555	5
3556	5
3557	3
3558	2
3559	1
3560	3
3561	5
3562	4
3563	2
3564	2
3565	1
3566	2
3567	2
3568	2
3569	1
3570	3
3571	1
3572	2
3573	3
3574	3
3575	1
3576	1
3577	4
3578	3
3579	1
3580	2
3581	4
3582	3
3583	5
3584	1
3585	5
3586	1
3587	4
3588	5
3589	3
3590	3
3591	4
3592	5
3593	2
3594	5
3595	2
3596	4
3597	2
3598	2
3599	1
3600	5
3601	1
3602	4
3603	2
3604	4
3605	4
3606	1
3607	3
3608	2
3609	1
3610	3
3611	2
3612	1
3613	1
3614	3
3615	4
3616	5
3617	3
3618	4
3619	3
3620	2
3621	4
3622	3
3623	5
3624	4
3625	2
3626	2
3627	1
3628	3
3629	4
3630	4
3631	5
3632	4
3633	2
3634	4
3635	4
3636	5
3637	3
3638	5
3639	4
3640	1
3641	5
3642	1
3643	1
3644	4
3645	2
3646	4
3647	3
3648	4
3649	2
3650	2
3651	5
3652	1
3653	2
3654	3
3655	4
3656	2
3657	3
3658	2
3659	3
3660	2
3661	3
3662	3
3663	5
3664	5
3665	5
3666	1
3667	5
3668	2
3669	3
3670	1
3671	3
3672	2
3673	4
3674	2
3675	4
3676	5
3677	5
3678	3
3679	4
3680	2
3681	1
3682	1
3683	4
3684	3
3685	1
3686	3
3687	2
3688	1
3689	4
3690	3
3691	3
3692	5
3693	1
3694	4
3695	3
3696	3
3697	4
3698	5
3699	5
3700	5
3701	3
3702	4
3703	5
3704	2
3705	4
3706	3
3707	2
3708	3
3709	4
3710	4
3711	4
3712	5
3713	4
3714	1
3715	3
3716	3
3717	2
3718	2
3719	3
3720	3
3721	2
3722	3
3723	1
3724	2
3725	3
3726	3
3727	3
3728	3
3729	3
3730	1
3731	5
3732	2
3733	3
3734	3
3735	4
3736	4
3737	4
3738	4
3739	3
3740	1
3741	1
3742	3
3743	5
3744	5
3745	5
3746	3
3747	4
3748	4
3749	5
3750	1
3751	1
3752	4
3753	2
3754	4
3755	5
3756	2
3757	5
3758	5
3759	3
3760	2
3761	1
3762	5
3763	5
3764	4
3765	2
3766	2
3767	1
3768	1
3769	3
3770	5
3771	4
3772	2
3773	5
3774	2
3775	5
3776	2
3777	4
3778	5
3779	1
3780	5
3781	5
3782	4
3783	2
3784	4
3785	5
3786	3
3787	1
3788	3
3789	1
3790	5
3791	3
3792	2
3793	3
3794	5
3795	4
3796	4
3797	1
3798	2
3799	5
3800	4
3801	3
3802	4
3803	4
3804	1
3805	1
3806	1
3807	1
3808	5
3809	1
3810	2
3811	4
3812	2
3813	3
3814	2
3815	3
3816	3
3817	4
3818	1
3819	5
3820	3
3821	4
3822	3
3823	5
3824	3
3825	3
3826	1
3827	4
3828	2
3829	4
3830	3
3831	1
3832	5
3833	1
3834	2
3835	3
3836	3
3837	1
3838	1
3839	1
3840	3
3841	2
3842	2
3843	4
3844	4
3845	5
3846	3
3847	5
3848	1
3849	4
3850	4
3851	2
3852	4
3853	1
3854	3
3855	2
3856	1
3857	4
3858	3
3859	1
3860	3
3861	3
3862	3
3863	4
3864	1
3865	5
3866	5
3867	2
3868	3
3869	3
3870	1
3871	3
3872	2
3873	1
3874	5
3875	4
3876	3
3877	4
3878	1
3879	5
3880	1
3881	2
3882	3
3883	1
3884	2
3885	5
3886	3
3887	5
3888	3
3889	5
3890	2
3891	1
3892	4
3893	1
3894	2
3895	1
3896	2
3897	5
3898	3
3899	2
3900	2
3901	3
3902	4
3903	2
3904	4
3905	5
3906	1
3907	3
3908	3
3909	5
3910	1
3911	1
3912	5
3913	4
3914	1
3915	5
3916	1
3917	2
3918	4
3919	1
3920	5
3921	5
3922	3
3923	2
3924	4
3925	5
3926	4
3927	1
3928	5
3929	2
3930	2
3931	2
3932	2
3933	2
3934	2
3935	1
3936	4
3937	3
3938	2
3939	5
3940	5
3941	3
3942	1
3943	4
3944	5
3945	5
3946	4
3947	3
3948	1
3949	5
3950	3
3951	2
3952	3
3953	5
3954	3
3955	4
3956	5
3957	1
3958	2
3959	3
3960	4
3961	3
3962	1
3963	5
3964	1
3965	2
3966	5
3967	4
3968	4
3969	3
3970	1
3971	2
3972	3
3973	3
3974	3
3975	3
3976	3
3977	3
3978	1
3979	2
3980	1
3981	4
3982	3
3983	1
3984	2
3985	5
3986	1
3987	5
3988	4
3989	1
3990	5
3991	1
3992	4
3993	4
3994	4
3995	5
3996	1
3997	4
3998	3
3999	2
4000	1
4001	5
4002	5
4003	5
4004	4
4005	2
4006	4
4007	4
4008	1
4009	3
4010	3
4011	5
4012	1
4013	4
4014	1
4015	2
4016	1
4017	4
4018	2
4019	4
4020	4
4021	1
4022	5
4023	2
4024	3
4025	5
4026	3
4027	5
4028	2
4029	4
4030	5
4031	4
4032	2
4033	5
4034	3
4035	3
4036	2
4037	4
4038	1
4039	1
4040	5
4041	1
4042	4
4043	3
4044	1
4045	1
4046	5
4047	2
4048	2
4049	1
4050	3
4051	3
4052	1
4053	1
4054	3
4055	5
4056	2
4057	4
4058	4
4059	5
4060	4
4061	4
4062	4
4063	4
4064	5
4065	5
4066	3
4067	2
4068	5
4069	5
4070	1
4071	2
4072	1
4073	3
4074	4
4075	1
4076	3
4077	1
4078	4
4079	2
4080	1
4081	4
4082	4
4083	2
4084	2
4085	1
4086	1
4087	3
4088	4
4089	5
4090	5
4091	1
4092	1
4093	2
4094	5
4095	4
4096	1
4097	2
4098	5
4099	2
4100	1
4101	4
4102	2
4103	4
4104	1
4105	5
4106	2
4107	4
4108	2
4109	5
4110	2
4111	5
4112	2
4113	5
4114	4
4115	4
4116	2
4117	4
4118	5
4119	4
4120	2
4121	4
4122	2
4123	3
4124	4
4125	3
4126	5
4127	1
4128	2
4129	4
4130	2
4131	3
4132	4
4133	3
4134	1
4135	1
4136	1
4137	3
4138	2
4139	2
4140	4
4141	4
4142	4
4143	1
4144	2
4145	4
4146	4
4147	5
4148	3
4149	1
4150	4
4151	4
4152	5
4153	3
4154	2
4155	5
4156	2
4157	5
4158	2
4159	1
4160	1
4161	3
4162	1
4163	5
4164	4
4165	3
4166	2
4167	5
4168	1
4169	3
4170	3
4171	2
4172	2
4173	5
4174	4
4175	5
4176	4
4177	1
4178	1
4179	3
4180	4
4181	4
4182	2
4183	3
4184	1
4185	1
4186	3
4187	2
4188	2
4189	1
4190	5
4191	3
4192	4
4193	4
4194	5
4195	5
4196	3
4197	2
4198	5
4199	5
4200	1
4201	1
4202	4
4203	2
4204	1
4205	3
4206	1
4207	1
4208	2
4209	1
4210	3
4211	1
4212	4
4213	4
4214	3
4215	3
4216	3
4217	2
4218	1
4219	5
4220	5
4221	5
4222	4
4223	2
4224	2
4225	3
4226	3
4227	4
4228	2
4229	3
4230	2
4231	2
4232	5
4233	4
4234	2
4235	1
4236	2
4237	1
4238	2
4239	4
4240	4
4241	1
4242	5
4243	4
4244	1
4245	4
4246	4
4247	5
4248	3
4249	3
4250	5
4251	5
4252	1
4253	1
4254	5
4255	1
4256	4
4257	5
4258	2
4259	4
4260	2
4261	5
4262	3
4263	3
4264	1
4265	2
4266	5
4267	1
4268	3
4269	4
4270	3
4271	1
4272	4
4273	2
4274	2
4275	1
4276	3
4277	3
4278	1
4279	1
4280	3
4281	1
4282	5
4283	5
4284	3
4285	1
4286	3
4287	4
4288	3
4289	4
4290	3
4291	4
4292	2
4293	1
4294	3
4295	1
4296	5
4297	4
4298	4
4299	2
4300	5
4301	3
4302	4
4303	3
4304	2
4305	4
4306	5
4307	3
4308	4
4309	3
4310	3
4311	2
4312	5
4313	4
4314	4
4315	3
4316	3
4317	5
4318	2
4319	1
4320	1
4321	5
4322	5
4323	3
4324	3
4325	4
4326	2
4327	1
4328	3
4329	2
4330	2
4331	4
4332	5
4333	1
4334	4
4335	1
4336	1
4337	3
4338	1
4339	3
4340	3
4341	4
4342	5
4343	1
4344	4
4345	5
4346	5
4347	3
4348	2
4349	5
4350	3
4351	2
4352	2
4353	1
4354	3
4355	1
4356	2
4357	2
4358	1
4359	4
4360	4
4361	3
4362	3
4363	4
4364	1
4365	2
4366	5
4367	5
4368	1
4369	3
4370	5
4371	5
4372	5
4373	5
4374	3
4375	1
4376	1
4377	5
4378	3
4379	5
4380	5
4381	5
4382	4
4383	5
4384	4
4385	4
4386	1
4387	1
4388	1
4389	2
4390	5
4391	2
4392	5
4393	1
4394	1
4395	3
4396	5
4397	1
4398	1
4399	2
4400	3
4401	1
4402	3
4403	1
4404	5
4405	3
4406	5
4407	1
4408	3
4409	1
4410	3
4411	3
4412	2
4413	5
4414	4
4415	4
4416	5
4417	4
4418	3
4419	4
4420	4
4421	5
4422	5
4423	2
4424	2
4425	3
4426	1
4427	1
4428	1
4429	5
4430	5
4431	4
4432	1
4433	4
4434	1
4435	3
4436	5
4437	1
4438	4
4439	4
4440	4
4441	2
4442	3
4443	5
4444	5
4445	4
4446	5
4447	2
4448	2
4449	3
4450	4
4451	3
4452	5
4453	5
4454	2
4455	1
4456	5
4457	5
4458	1
4459	4
4460	1
4461	4
4462	4
4463	2
4464	1
4465	5
4466	1
4467	4
4468	2
4469	3
4470	1
4471	5
4472	1
4473	3
4474	5
4475	2
4476	3
4477	5
4478	5
4479	1
4480	3
4481	1
4482	4
4483	4
4484	2
4485	2
4486	1
4487	4
4488	5
4489	4
4490	3
4491	5
4492	2
4493	1
4494	3
4495	1
4496	2
4497	1
4498	4
4499	4
4500	1
4501	1
4502	1
4503	1
4504	3
4505	3
4506	3
4507	4
4508	5
4509	1
4510	5
4511	4
4512	2
4513	4
4514	5
4515	5
4516	2
4517	1
4518	2
4519	2
4520	1
4521	1
4522	2
4523	5
4524	4
4525	1
4526	5
4527	4
4528	4
4529	3
4530	2
4531	2
4532	1
4533	2
4534	1
4535	4
4536	1
4537	3
4538	2
4539	3
4540	5
4541	4
4542	3
4543	1
4544	3
4545	3
4546	2
4547	1
4548	3
4549	5
4550	2
4551	5
4552	1
4553	4
4554	5
4555	2
4556	3
4557	3
4558	3
4559	1
4560	1
4561	1
4562	3
4563	3
4564	4
4565	2
4566	2
4567	1
4568	5
4569	1
4570	5
4571	2
4572	1
4573	4
4574	4
4575	5
4576	4
4577	3
4578	2
4579	3
4580	3
4581	3
4582	4
4583	5
4584	5
4585	2
4586	5
4587	3
4588	1
4589	4
4590	5
4591	2
4592	3
4593	5
4594	1
4595	3
4596	2
4597	1
4598	3
4599	1
4600	2
4601	3
4602	2
4603	3
4604	2
4605	5
4606	3
4607	5
4608	1
4609	2
4610	3
4611	1
4612	4
4613	1
4614	1
4615	5
4616	1
4617	3
4618	4
4619	5
4620	2
4621	5
4622	3
4623	5
4624	4
4625	5
4626	1
4627	1
4628	1
4629	1
4630	5
4631	4
4632	4
4633	3
4634	1
4635	4
4636	1
4637	5
4638	5
4639	4
4640	4
4641	3
4642	5
4643	2
4644	1
4645	2
4646	1
4647	4
4648	2
4649	3
4650	4
4651	4
4652	3
4653	3
4654	2
4655	1
4656	3
4657	2
4658	4
4659	4
4660	2
4661	1
4662	4
4663	5
4664	4
4665	2
4666	5
4667	5
4668	3
4669	1
4670	4
4671	1
4672	2
4673	1
4674	1
4675	2
4676	3
4677	3
4678	5
4679	2
4680	2
4681	3
4682	4
4683	5
4684	2
4685	2
4686	4
4687	3
4688	2
4689	5
4690	3
4691	4
4692	3
4693	4
4694	4
4695	2
4696	1
4697	4
4698	3
4699	5
4700	2
4701	4
4702	3
4703	2
4704	3
4705	4
4706	3
4707	1
4708	5
4709	2
4710	1
4711	3
4712	1
4713	1
4714	3
4715	4
4716	3
4717	3
4718	1
4719	3
4720	1
4721	2
4722	1
4723	1
4724	5
4725	1
4726	3
4727	4
4728	2
4729	3
4730	4
4731	5
4732	2
4733	2
4734	2
4735	1
4736	4
4737	1
4738	1
4739	5
4740	3
4741	5
4742	2
4743	2
4744	2
4745	1
4746	4
4747	5
4748	3
4749	4
4750	5
4751	3
4752	5
4753	5
4754	2
4755	5
4756	5
4757	3
4758	5
4759	4
4760	5
4761	3
4762	4
4763	1
4764	4
4765	1
4766	3
4767	3
4768	2
4769	4
4770	5
4771	3
4772	2
4773	1
4774	4
4775	1
4776	2
4777	3
4778	1
4779	3
4780	1
4781	5
4782	3
4783	3
4784	3
4785	5
4786	3
4787	4
4788	5
4789	1
4790	3
4791	2
4792	5
4793	1
4794	4
4795	2
4796	2
4797	3
4798	1
4799	1
4800	5
4801	2
4802	2
4803	1
4804	5
4805	5
4806	2
4807	1
4808	5
4809	2
4810	1
4811	4
4812	1
4813	1
4814	3
4815	5
4816	1
4817	1
4818	1
4819	4
4820	4
4821	5
4822	2
4823	4
4824	1
4825	1
4826	2
4827	3
4828	1
4829	4
4830	3
4831	3
4832	5
4833	1
4834	4
4835	5
4836	2
4837	1
4838	1
4839	1
4840	2
4841	2
4842	2
4843	3
4844	3
4845	2
4846	2
4847	2
4848	4
4849	2
4850	3
4851	3
4852	3
4853	1
4854	1
4855	3
4856	5
4857	2
4858	4
4859	1
4860	1
4861	3
4862	4
4863	3
4864	2
4865	2
4866	4
4867	4
4868	2
4869	5
4870	2
4871	2
4872	2
4873	5
4874	3
4875	3
4876	4
4877	1
4878	2
4879	1
4880	1
4881	5
4882	1
4883	1
4884	5
4885	4
4886	5
4887	5
4888	1
4889	1
4890	4
4891	5
4892	3
4893	3
4894	5
4895	4
4896	2
4897	2
4898	5
4899	2
4900	1
4901	3
4902	4
4903	4
4904	5
4905	2
4906	4
4907	2
4908	5
4909	4
4910	2
4911	2
4912	4
4913	1
4914	3
4915	2
4916	2
4917	3
4918	5
4919	3
4920	4
4921	2
4922	5
4923	1
4924	4
4925	5
4926	3
4927	5
4928	3
4929	5
4930	4
4931	4
4932	5
4933	3
4934	4
4935	2
4936	3
4937	1
4938	2
4939	3
4940	1
4941	2
4942	2
4943	3
4944	3
4945	4
4946	1
4947	1
4948	3
4949	1
4950	3
4951	1
4952	2
4953	3
4954	1
4955	3
4956	5
4957	5
4958	3
4959	3
4960	1
4961	3
4962	3
4963	2
4964	3
4965	1
4966	5
4967	4
4968	1
4969	4
4970	4
4971	1
4972	3
4973	2
4974	3
4975	5
4976	5
4977	5
4978	5
4979	2
4980	5
4981	2
4982	1
4983	1
4984	5
4985	3
4986	2
4987	5
4988	2
4989	5
4990	3
4991	1
4992	2
4993	3
4994	4
4995	2
4996	1
4997	5
4998	3
4999	5
5000	5
5001	4
5002	3
5003	3
5004	2
5005	1
5006	2
5007	1
5008	4
5009	3
5010	1
5011	2
5012	5
5013	5
5014	3
5015	5
5016	3
5017	5
5018	2
5019	3
5020	2
5021	5
5022	3
5023	2
5024	2
5025	1
5026	3
5027	5
5028	5
5029	5
5030	2
5031	3
5032	4
5033	1
5034	3
5035	2
5036	2
5037	3
5038	3
5039	2
5040	1
5041	1
5042	2
5043	4
5044	2
5045	4
5046	4
5047	1
5048	1
5049	4
5050	4
5051	3
5052	5
5053	1
5054	5
5055	2
5056	1
5057	2
5058	4
5059	2
5060	4
5061	3
5062	1
5063	4
5064	4
5065	5
5066	1
5067	1
5068	3
5069	2
5070	5
5071	3
5072	2
5073	3
5074	2
5075	5
5076	2
5077	3
5078	4
5079	2
5080	2
5081	3
5082	1
5083	3
5084	4
5085	2
5086	5
5087	4
5088	2
5089	5
5090	3
5091	4
5092	2
5093	4
5094	4
5095	4
5096	2
5097	1
5098	3
5099	4
5100	1
5101	1
5102	4
5103	5
5104	2
5105	2
5106	2
5107	1
5108	2
5109	3
5110	3
5111	5
5112	1
5113	1
5114	3
5115	4
5116	5
5117	1
5118	2
5119	5
5120	4
5121	1
5122	1
5123	5
5124	2
5125	1
5126	3
5127	5
5128	5
5129	1
5130	5
5131	3
5132	1
5133	4
5134	5
5135	3
5136	5
5137	3
5138	5
5139	4
5140	4
5141	5
5142	4
5143	2
5144	4
5145	2
5146	3
5147	2
5148	4
5149	5
5150	4
5151	4
5152	5
5153	2
5154	3
5155	2
5156	4
5157	2
5158	4
5159	4
5160	5
5161	4
5162	2
5163	1
5164	3
5165	4
5166	4
5167	3
5168	1
5169	1
5170	5
5171	3
5172	3
5173	1
5174	4
5175	3
5176	3
5177	5
5178	2
5179	2
5180	3
5181	5
5182	3
5183	2
5184	2
5185	3
5186	4
5187	1
5188	4
5189	3
5190	4
5191	4
5192	4
5193	5
5194	3
5195	1
5196	5
5197	4
5198	4
5199	4
5200	3
5201	1
5202	3
5203	1
5204	4
5205	1
5206	5
5207	2
5208	5
5209	4
5210	1
5211	3
5212	5
5213	4
5214	1
5215	5
5216	1
5217	5
5218	4
5219	5
5220	1
5221	4
5222	5
5223	2
5224	1
5225	1
5226	4
5227	1
5228	4
5229	3
5230	1
5231	4
5232	3
5233	4
5234	5
5235	5
5236	4
5237	5
5238	5
5239	4
5240	3
5241	5
5242	2
5243	2
5244	5
5245	3
5246	2
5247	2
5248	2
5249	2
5250	4
5251	4
5252	1
5253	2
5254	4
5255	5
5256	5
5257	2
5258	3
5259	4
5260	2
5261	1
5262	2
5263	5
5264	3
5265	4
5266	4
5267	4
5268	1
5269	3
5270	2
5271	4
5272	4
5273	2
5274	5
5275	1
5276	1
5277	2
5278	3
5279	2
5280	1
5281	4
5282	2
5283	2
5284	3
5285	3
5286	1
5287	1
5288	1
5289	4
5290	2
5291	3
5292	2
5293	4
5294	4
5295	5
5296	5
5297	5
5298	5
5299	1
5300	2
5301	1
5302	4
5303	3
5304	2
5305	5
5306	1
5307	1
5308	2
5309	4
5310	3
5311	2
5312	3
5313	2
5314	3
5315	3
5316	5
5317	5
5318	3
5319	2
5320	2
5321	3
5322	5
5323	1
5324	3
5325	2
5326	2
5327	4
5328	5
5329	4
5330	1
5331	5
5332	3
5333	3
5334	3
5335	1
5336	2
5337	2
5338	4
5339	1
5340	2
5341	4
5342	1
5343	4
5344	4
5345	4
5346	3
5347	5
5348	1
5349	3
5350	4
5351	4
5352	5
5353	5
5354	1
5355	4
5356	3
5357	2
5358	4
5359	3
5360	4
5361	5
5362	4
5363	1
5364	5
5365	2
5366	2
5367	4
5368	1
5369	2
5370	4
5371	3
5372	2
5373	5
5374	3
5375	4
5376	5
5377	4
5378	3
5379	2
5380	4
5381	5
5382	3
5383	5
5384	1
5385	3
5386	5
5387	3
5388	3
5389	2
5390	1
5391	4
5392	1
5393	1
5394	3
5395	3
5396	5
5397	3
5398	1
5399	2
5400	1
5401	3
5402	5
5403	5
5404	1
5405	2
5406	5
5407	4
5408	4
5409	5
5410	4
5411	5
5412	5
5413	1
5414	1
5415	4
5416	4
5417	3
5418	3
5419	1
5420	5
5421	2
5422	5
5423	5
5424	3
5425	1
5426	2
5427	1
5428	1
5429	5
5430	1
5431	5
5432	5
5433	5
5434	1
5435	4
5436	1
5437	1
5438	1
5439	3
5440	4
5441	4
5442	2
5443	4
5444	2
5445	4
5446	3
5447	2
5448	3
5449	4
5450	5
5451	4
5452	1
5453	3
5454	4
5455	4
5456	2
5457	2
5458	4
5459	2
5460	3
5461	5
5462	5
5463	4
5464	1
5465	1
5466	4
5467	2
5468	4
5469	5
5470	4
5471	5
5472	2
5473	5
5474	1
5475	3
5476	3
5477	5
5478	4
5479	3
5480	1
5481	2
5482	4
5483	4
5484	1
5485	5
5486	5
5487	4
5488	1
5489	3
5490	4
5491	1
5492	2
5493	2
5494	1
5495	3
5496	5
5497	1
5498	2
5499	5
5500	5
5501	4
5502	1
5503	1
5504	5
5505	3
5506	1
5507	4
5508	4
5509	1
5510	4
5511	4
5512	2
5513	5
5514	1
5515	3
5516	3
5517	4
5518	1
5519	1
5520	1
5521	3
5522	4
5523	4
5524	5
5525	1
5526	3
5527	5
5528	3
5529	2
5530	2
5531	5
5532	4
5533	1
5534	4
5535	5
5536	4
5537	2
5538	5
5539	3
5540	3
5541	1
5542	3
5543	5
5544	4
5545	1
5546	3
5547	5
5548	1
5549	3
5550	4
5551	1
5552	4
5553	3
5554	5
5555	3
5556	4
5557	2
5558	3
5559	4
5560	1
5561	2
5562	1
5563	5
5564	2
5565	2
5566	3
5567	2
5568	4
5569	3
5570	4
5571	2
5572	3
5573	1
5574	3
5575	2
5576	1
5577	2
5578	5
5579	4
5580	2
5581	3
5582	2
5583	3
5584	2
5585	3
5586	1
5587	1
5588	2
5589	2
5590	4
5591	3
5592	1
5593	2
5594	2
5595	4
5596	5
5597	5
5598	2
5599	3
5600	1
5601	4
5602	3
5603	4
5604	5
5605	2
5606	4
5607	3
5608	3
5609	2
5610	1
5611	4
5612	1
5613	1
5614	3
5615	2
5616	2
5617	2
5618	3
5619	1
5620	5
5621	1
5622	3
5623	3
5624	1
5625	2
5626	2
5627	3
5628	4
5629	5
5630	5
5631	1
5632	1
5633	1
5634	3
5635	2
5636	2
5637	2
5638	4
5639	4
5640	5
5641	3
5642	5
5643	1
5644	2
5645	3
5646	5
5647	1
5648	1
5649	5
5650	4
5651	5
5652	4
5653	5
5654	2
5655	3
5656	2
5657	3
5658	1
5659	5
5660	2
5661	1
5662	2
5663	5
5664	4
5665	2
5666	2
5667	3
5668	5
5669	2
5670	2
5671	4
5672	4
5673	1
5674	1
5675	2
5676	2
5677	1
5678	3
5679	3
5680	3
5681	5
5682	1
5683	1
5684	5
5685	3
5686	2
5687	1
5688	4
5689	2
5690	3
5691	1
5692	5
5693	5
5694	3
5695	4
5696	5
5697	5
5698	1
5699	1
5700	1
5701	3
5702	3
5703	2
5704	2
5705	4
5706	3
5707	3
5708	4
5709	5
5710	1
5711	3
5712	3
5713	3
5714	3
5715	5
5716	1
5717	1
5718	5
5719	5
5720	4
5721	1
5722	3
5723	2
5724	5
5725	5
5726	1
5727	3
5728	5
5729	1
5730	2
5731	1
5732	4
5733	2
5734	1
5735	2
5736	5
5737	4
5738	1
5739	3
5740	2
5741	3
5742	4
5743	1
5744	3
5745	2
5746	5
5747	2
5748	2
5749	1
5750	4
5751	3
5752	2
5753	4
5754	5
5755	5
5756	5
5757	1
5758	4
5759	3
5760	1
5761	2
5762	1
5763	5
5764	5
5765	4
5766	2
5767	4
5768	1
5769	5
5770	4
5771	1
5772	1
5773	1
5774	3
5775	5
5776	4
5777	5
5778	4
5779	2
5780	1
5781	2
5782	4
5783	3
5784	1
5785	3
5786	3
5787	5
5788	3
5789	5
5790	5
5791	3
5792	3
5793	4
5794	4
5795	1
5796	3
5797	4
5798	5
5799	1
5800	5
5801	2
5802	3
5803	1
5804	3
5805	1
5806	2
5807	4
5808	1
5809	4
5810	5
5811	3
5812	5
5813	4
5814	3
5815	4
5816	4
5817	2
5818	3
5819	1
5820	4
5821	1
5822	4
5823	1
5824	3
5825	3
5826	4
5827	4
5828	4
5829	3
5830	2
5831	3
5832	5
5833	5
5834	4
5835	3
5836	3
5837	1
5838	1
5839	3
5840	4
5841	4
5842	1
5843	1
5844	4
5845	3
5846	3
5847	1
5848	3
5849	1
5850	5
5851	4
5852	3
5853	1
5854	4
5855	5
5856	5
5857	5
5858	1
5859	2
5860	5
5861	3
5862	5
5863	2
5864	2
5865	4
5866	3
5867	3
5868	1
5869	1
5870	2
5871	5
5872	4
5873	4
5874	1
5875	3
5876	2
5877	2
5878	4
5879	5
5880	1
5881	3
5882	1
5883	5
5884	3
5885	3
5886	4
5887	5
5888	5
5889	4
5890	1
5891	2
5892	1
5893	3
5894	5
5895	3
5896	4
5897	1
5898	4
5899	2
5900	5
5901	5
5902	3
5903	5
5904	3
5905	2
5906	1
5907	1
5908	2
5909	5
5910	2
5911	4
5912	1
5913	2
5914	2
5915	4
5916	3
5917	3
5918	1
5919	4
5920	1
5921	4
5922	5
5923	2
5924	4
5925	4
5926	4
5927	4
5928	4
5929	5
5930	2
5931	1
5932	1
5933	3
5934	5
5935	3
5936	5
5937	1
5938	5
5939	5
5940	5
5941	1
5942	2
5943	2
5944	5
5945	1
5946	5
5947	1
5948	5
5949	2
5950	4
5951	2
5952	1
5953	3
5954	2
5955	3
5956	2
5957	4
5958	2
5959	1
5960	1
5961	5
5962	1
5963	3
5964	1
5965	1
5966	4
5967	4
5968	4
5969	3
5970	4
5971	3
5972	3
5973	2
5974	3
5975	3
5976	3
5977	5
5978	4
5979	1
5980	5
5981	2
5982	3
5983	4
5984	5
5985	3
5986	1
5987	5
5988	5
5989	5
5990	3
5991	3
5992	4
5993	4
5994	4
5995	5
5996	2
5997	5
5998	4
5999	5
6000	1
6001	4
6002	4
6003	1
6004	2
6005	2
6006	3
6007	1
6008	1
6009	5
6010	2
6011	1
6012	1
6013	3
6014	3
6015	5
6016	2
6017	2
6018	1
6019	3
6020	4
6021	4
6022	3
6023	1
6024	4
6025	4
6026	1
6027	2
6028	4
6029	2
6030	2
6031	3
6032	5
6033	2
6034	4
6035	3
6036	4
6037	4
6038	5
6039	1
6040	5
6041	5
6042	2
6043	2
6044	3
6045	1
6046	5
6047	2
6048	1
6049	3
6050	3
6051	1
6052	3
6053	3
6054	2
6055	3
6056	3
6057	4
6058	5
6059	5
6060	3
6061	2
6062	1
6063	4
6064	5
6065	5
6066	1
6067	3
6068	5
6069	5
6070	4
6071	5
6072	3
6073	5
6074	4
6075	2
6076	2
6077	4
6078	1
6079	2
6080	4
6081	1
6082	2
6083	3
6084	2
6085	5
6086	4
6087	1
6088	5
6089	5
6090	4
6091	4
6092	5
6093	1
6094	5
6095	4
6096	4
6097	4
6098	4
6099	1
6100	3
6101	2
6102	4
6103	2
6104	2
6105	2
6106	2
6107	3
6108	3
6109	2
6110	5
6111	1
6112	3
6113	5
6114	5
6115	1
6116	3
6117	3
6118	5
6119	4
6120	5
6121	2
6122	1
6123	2
6124	4
6125	5
6126	2
6127	5
6128	5
6129	1
6130	4
6131	5
6132	2
6133	1
6134	4
6135	3
6136	3
6137	3
6138	1
6139	1
6140	5
6141	1
6142	5
6143	3
6144	2
6145	1
6146	4
6147	5
6148	2
6149	2
6150	3
6151	3
6152	2
6153	1
6154	3
6155	4
6156	1
6157	4
6158	5
6159	5
6160	4
6161	5
6162	4
6163	4
6164	5
6165	1
6166	5
6167	5
6168	4
6169	2
6170	4
6171	1
6172	5
6173	2
6174	4
6175	1
6176	4
6177	2
6178	2
6179	1
6180	3
6181	5
6182	5
6183	3
6184	2
6185	4
6186	4
6187	4
6188	3
6189	1
6190	5
6191	3
6192	5
6193	5
6194	5
6195	2
6196	2
6197	4
6198	4
6199	2
6200	1
6201	1
6202	1
6203	2
6204	1
6205	4
6206	3
6207	3
6208	1
6209	5
6210	5
6211	5
6212	1
6213	1
6214	4
6215	2
6216	5
6217	4
6218	2
6219	5
6220	3
6221	2
6222	5
6223	2
6224	4
6225	2
6226	5
6227	4
6228	1
6229	2
6230	4
6231	5
6232	3
6233	5
6234	5
6235	2
6236	3
6237	3
6238	5
6239	5
6240	4
6241	2
6242	2
6243	4
6244	4
6245	2
6246	2
6247	3
6248	3
6249	4
6250	5
6251	3
6252	1
6253	5
6254	2
6255	3
6256	1
6257	1
6258	1
6259	4
6260	1
6261	2
6262	2
6263	1
6264	5
6265	2
6266	3
6267	1
6268	4
6269	1
6270	3
6271	5
6272	1
6273	4
6274	3
6275	4
6276	4
6277	1
6278	3
6279	3
6280	1
6281	4
6282	4
6283	1
6284	5
6285	2
6286	2
6287	4
6288	5
6289	5
6290	3
6291	3
6292	5
6293	2
6294	2
6295	3
6296	3
6297	3
6298	1
6299	3
6300	5
6301	1
6302	1
6303	2
6304	3
6305	3
6306	4
6307	4
6308	4
6309	4
6310	3
6311	2
6312	1
6313	3
6314	3
6315	5
6316	4
6317	4
6318	1
6319	2
6320	1
6321	4
6322	3
6323	4
6324	2
6325	1
6326	3
6327	1
6328	4
6329	4
6330	1
6331	2
6332	4
6333	3
6334	3
6335	2
6336	4
6337	3
6338	2
6339	5
6340	2
6341	5
6342	3
6343	3
6344	3
6345	3
6346	5
6347	2
6348	5
6349	2
6350	1
6351	3
6352	4
6353	3
6354	4
6355	5
6356	5
6357	2
6358	5
6359	1
6360	2
6361	3
6362	1
6363	2
6364	2
6365	2
6366	1
6367	1
6368	2
6369	2
6370	2
6371	1
6372	5
6373	1
6374	4
6375	5
6376	2
6377	1
6378	5
6379	4
6380	2
6381	3
6382	1
6383	5
6384	4
6385	1
6386	5
6387	1
6388	1
6389	4
6390	5
6391	3
6392	5
6393	2
6394	2
6395	4
6396	1
6397	2
6398	5
6399	3
6400	3
6401	2
6402	5
6403	3
6404	5
6405	1
6406	2
6407	3
6408	5
6409	1
6410	2
6411	1
6412	3
6413	1
6414	4
6415	5
6416	4
6417	4
6418	3
6419	4
6420	3
6421	3
6422	5
6423	4
6424	5
6425	2
6426	1
6427	3
6428	5
6429	5
6430	5
6431	1
6432	1
6433	4
6434	4
6435	1
6436	4
6437	3
6438	1
6439	4
6440	1
6441	2
6442	2
6443	3
6444	5
6445	3
6446	3
6447	1
6448	3
6449	4
6450	5
6451	4
6452	2
6453	5
6454	3
6455	5
6456	3
6457	1
6458	3
6459	5
6460	2
6461	4
6462	4
6463	2
6464	1
6465	3
6466	5
6467	4
6468	2
6469	4
6470	4
6471	4
6472	4
6473	3
6474	3
6475	5
6476	3
6477	2
6478	4
6479	3
6480	2
6481	4
6482	1
6483	4
6484	3
6485	4
6486	2
6487	1
6488	3
6489	2
6490	1
6491	3
6492	5
6493	1
6494	2
6495	1
6496	4
6497	5
6498	3
6499	1
6500	2
6501	5
6502	1
6503	1
6504	2
6505	3
6506	4
6507	2
6508	4
6509	3
6510	1
6511	1
6512	3
6513	3
6514	5
6515	5
6516	4
6517	2
6518	4
6519	4
6520	4
6521	5
6522	3
6523	5
6524	1
6525	3
6526	2
6527	4
6528	2
6529	1
6530	2
6531	1
6532	3
6533	2
6534	3
6535	1
6536	1
6537	2
6538	4
6539	4
6540	3
6541	2
6542	3
6543	2
6544	2
6545	1
6546	4
6547	1
6548	3
6549	4
6550	4
6551	4
6552	4
6553	1
6554	2
6555	4
6556	2
6557	5
6558	1
6559	3
6560	4
6561	5
6562	2
6563	5
6564	1
6565	2
6566	3
6567	3
6568	2
6569	1
6570	3
6571	5
6572	5
6573	3
6574	5
6575	3
6576	3
6577	5
6578	4
6579	3
6580	4
6581	1
6582	5
6583	1
6584	2
6585	4
6586	3
6587	3
6588	1
6589	1
6590	5
6591	3
6592	1
6593	3
6594	5
6595	5
6596	3
6597	3
6598	2
6599	5
6600	1
6601	1
6602	2
6603	5
6604	2
6605	4
6606	2
6607	5
6608	4
6609	1
6610	5
6611	1
6612	1
6613	4
6614	2
6615	1
6616	5
6617	2
6618	5
6619	3
6620	2
6621	5
6622	5
6623	2
6624	5
6625	2
6626	5
6627	5
6628	3
6629	3
6630	5
6631	3
6632	5
6633	1
6634	2
6635	4
6636	4
6637	1
6638	2
6639	4
6640	4
6641	4
6642	4
6643	1
6644	2
6645	3
6646	2
6647	1
6648	2
6649	1
6650	1
6651	2
6652	4
6653	5
6654	5
6655	1
6656	5
6657	3
6658	3
6659	5
6660	1
6661	4
6662	3
6663	2
6664	5
6665	5
6666	3
6667	4
6668	1
6669	3
6670	3
6671	2
6672	5
6673	1
6674	3
6675	1
6676	4
6677	3
6678	3
6679	4
6680	1
6681	1
6682	5
6683	5
6684	2
6685	4
6686	5
6687	5
6688	2
6689	1
6690	4
6691	1
6692	5
6693	5
6694	5
6695	1
6696	5
6697	1
6698	1
6699	4
6700	1
6701	2
6702	4
6703	2
6704	3
6705	3
6706	3
6707	3
6708	3
6709	2
6710	5
6711	2
6712	5
6713	3
6714	2
6715	4
6716	1
6717	1
6718	5
6719	3
6720	4
6721	1
6722	2
6723	2
6724	1
6725	3
6726	3
6727	2
6728	2
6729	2
6730	1
6731	2
6732	1
6733	3
6734	1
6735	1
6736	2
6737	3
6738	1
6739	1
6740	3
6741	1
6742	3
6743	5
6744	5
6745	5
6746	2
6747	4
6748	1
6749	4
6750	1
6751	4
6752	2
6753	1
6754	5
6755	4
6756	1
6757	5
6758	2
6759	4
6760	3
6761	5
6762	5
6763	3
6764	2
6765	1
6766	4
6767	2
6768	3
6769	5
6770	3
6771	3
6772	2
6773	2
6774	2
6775	4
6776	2
6777	3
6778	2
6779	2
6780	2
6781	3
6782	3
6783	1
6784	1
6785	5
6786	2
6787	4
6788	4
6789	1
6790	5
6791	3
6792	4
6793	2
6794	2
6795	5
6796	4
6797	2
6798	4
6799	1
6800	1
6801	2
6802	2
6803	4
6804	2
6805	4
6806	4
6807	2
6808	3
6809	4
6810	4
6811	3
6812	1
6813	4
6814	4
6815	5
6816	2
6817	2
6818	2
6819	4
6820	2
6821	1
6822	3
6823	2
6824	2
6825	1
6826	3
6827	2
6828	5
6829	3
6830	5
6831	5
6832	2
6833	2
6834	2
6835	4
6836	5
6837	4
6838	5
6839	5
6840	3
6841	2
6842	2
6843	3
6844	1
6845	2
6846	5
6847	3
6848	2
6849	2
6850	5
6851	3
6852	3
6853	1
6854	5
6855	1
6856	2
6857	4
6858	4
6859	3
6860	4
6861	1
6862	3
6863	2
6864	4
6865	5
6866	5
6867	2
6868	5
6869	1
6870	3
6871	4
6872	1
6873	1
6874	1
6875	1
6876	3
6877	5
6878	3
6879	2
6880	4
6881	4
6882	5
6883	2
6884	1
6885	4
6886	1
6887	4
6888	1
6889	1
6890	5
6891	4
6892	1
6893	2
6894	1
6895	5
6896	1
6897	2
6898	4
6899	3
6900	4
6901	1
6902	3
6903	3
6904	5
6905	2
6906	2
6907	3
6908	3
6909	2
6910	3
6911	3
6912	4
6913	1
6914	2
6915	1
6916	4
6917	4
6918	1
6919	2
6920	2
6921	1
6922	4
6923	3
6924	3
6925	5
6926	1
6927	4
6928	4
6929	4
6930	5
6931	5
6932	4
6933	1
6934	3
6935	1
6936	2
6937	1
6938	5
6939	3
6940	5
6941	5
6942	3
6943	1
6944	4
6945	1
6946	3
6947	4
6948	5
6949	4
6950	1
6951	2
6952	5
6953	4
6954	3
6955	4
6956	4
6957	2
6958	2
6959	2
6960	4
6961	3
6962	1
6963	3
6964	5
6965	3
6966	4
6967	2
6968	1
6969	1
6970	3
6971	2
6972	5
6973	1
6974	4
6975	2
6976	1
6977	5
6978	1
6979	3
6980	5
6981	2
6982	5
6983	5
6984	2
6985	5
6986	2
6987	1
6988	4
6989	5
6990	5
6991	2
6992	2
6993	3
6994	2
6995	1
6996	1
6997	1
6998	2
6999	3
7000	4
7001	4
7002	1
7003	1
7004	1
7005	3
7006	2
7007	3
7008	5
7009	2
7010	3
7011	2
7012	2
7013	4
7014	1
7015	5
7016	5
7017	4
7018	1
7019	5
7020	3
7021	2
7022	1
7023	3
7024	5
7025	4
7026	3
7027	4
7028	2
7029	4
7030	2
7031	1
7032	5
7033	1
7034	4
7035	4
7036	2
7037	1
7038	1
7039	2
7040	4
7041	5
7042	3
7043	1
7044	3
7045	2
7046	2
7047	2
7048	5
7049	3
7050	2
7051	5
7052	1
7053	3
7054	4
7055	5
7056	5
7057	1
7058	1
7059	1
7060	1
7061	3
7062	3
7063	4
7064	1
7065	4
7066	3
7067	3
7068	3
7069	5
7070	2
7071	2
7072	2
7073	5
7074	4
7075	2
7076	4
7077	1
7078	5
7079	1
7080	1
7081	4
7082	2
7083	4
7084	1
7085	3
7086	1
7087	2
7088	3
7089	1
7090	3
7091	2
7092	2
7093	3
7094	3
7095	1
7096	3
7097	5
7098	4
7099	1
7100	5
7101	5
7102	5
7103	2
7104	4
7105	5
7106	3
7107	4
7108	5
7109	4
7110	3
7111	5
7112	5
7113	1
7114	3
7115	2
7116	1
7117	2
7118	2
7119	5
7120	1
7121	1
7122	1
7123	4
7124	2
7125	2
7126	5
7127	3
7128	4
7129	3
7130	3
7131	2
7132	1
7133	4
7134	1
7135	3
7136	5
7137	1
7138	3
7139	4
7140	4
7141	1
7142	5
7143	5
7144	4
7145	1
7146	5
7147	5
7148	5
7149	3
7150	3
7151	1
7152	3
7153	3
7154	4
7155	2
7156	4
7157	5
7158	4
7159	5
7160	5
7161	5
7162	3
7163	1
7164	5
7165	1
7166	1
7167	5
7168	2
7169	5
7170	4
7171	4
7172	2
7173	5
7174	3
7175	2
7176	5
7177	4
7178	5
7179	5
7180	4
7181	1
7182	2
7183	2
7184	2
7185	4
7186	4
7187	5
7188	3
7189	3
7190	4
7191	2
7192	1
7193	2
7194	5
7195	1
7196	5
7197	3
7198	1
7199	3
7200	3
7201	4
7202	1
7203	1
7204	5
7205	1
7206	5
7207	4
7208	2
7209	4
7210	3
7211	4
7212	4
7213	4
7214	1
7215	5
7216	3
7217	1
7218	5
7219	5
7220	5
7221	3
7222	3
7223	3
7224	3
7225	4
7226	2
7227	2
7228	4
7229	1
7230	2
7231	4
7232	2
7233	3
7234	2
7235	5
7236	1
7237	2
7238	3
7239	2
7240	2
7241	2
7242	5
7243	4
7244	4
7245	2
7246	2
7247	1
7248	5
7249	1
7250	4
7251	3
7252	3
7253	3
7254	4
7255	2
7256	2
7257	4
7258	1
7259	4
7260	4
7261	4
7262	4
7263	3
7264	4
7265	3
7266	1
7267	2
7268	5
7269	4
7270	2
7271	5
7272	3
7273	1
7274	4
7275	4
7276	5
7277	3
7278	1
7279	1
7280	3
7281	4
7282	4
7283	3
7284	1
7285	2
7286	4
7287	2
7288	4
7289	2
7290	1
7291	4
7292	4
7293	4
7294	5
7295	4
7296	2
7297	4
7298	4
7299	2
7300	5
7301	1
7302	5
7303	5
7304	3
7305	2
7306	2
7307	2
7308	4
7309	4
7310	4
7311	5
7312	5
7313	5
7314	3
7315	3
7316	1
7317	2
7318	5
7319	4
7320	2
7321	3
7322	2
7323	3
7324	1
7325	3
7326	5
7327	1
7328	2
7329	1
7330	5
7331	5
7332	5
7333	4
7334	5
7335	3
7336	5
7337	1
7338	1
7339	2
7340	3
7341	4
7342	5
7343	1
7344	5
7345	5
7346	3
7347	1
7348	5
7349	1
7350	4
7351	2
7352	4
7353	5
7354	1
7355	5
7356	5
7357	4
7358	4
7359	5
7360	3
7361	3
7362	2
7363	4
7364	5
7365	4
7366	1
7367	1
7368	1
7369	1
7370	3
7371	2
7372	4
7373	4
7374	2
7375	5
7376	2
7377	4
7378	5
7379	1
7380	3
7381	4
7382	2
7383	5
7384	3
7385	5
7386	5
7387	4
7388	5
7389	2
7390	4
7391	3
7392	4
7393	3
7394	3
7395	1
7396	3
7397	3
7398	3
7399	3
7400	3
7401	4
7402	4
7403	4
7404	3
7405	1
7406	5
7407	3
7408	2
7409	2
7410	3
7411	3
7412	2
7413	3
7414	1
7415	1
7416	1
7417	3
7418	5
7419	2
7420	5
7421	2
7422	2
7423	1
7424	4
7425	3
7426	4
7427	4
7428	1
7429	5
7430	1
7431	5
7432	2
7433	5
7434	4
7435	2
7436	4
7437	5
7438	2
7439	5
7440	5
7441	5
7442	5
7443	2
7444	1
7445	1
7446	4
7447	2
7448	2
7449	1
7450	2
7451	2
7452	4
7453	1
7454	1
7455	3
7456	5
7457	4
7458	2
7459	5
7460	5
7461	2
7462	2
7463	3
7464	4
7465	1
7466	4
7467	2
7468	1
7469	5
7470	5
7471	1
7472	4
7473	2
7474	1
7475	2
7476	5
7477	2
7478	5
7479	4
7480	5
7481	1
7482	2
7483	3
7484	3
7485	2
7486	5
7487	1
7488	4
7489	2
7490	1
7491	4
7492	5
7493	4
7494	1
7495	1
7496	2
7497	1
7498	4
7499	3
7500	1
7501	3
7502	2
7503	1
7504	3
7505	2
7506	3
7507	2
7508	1
7509	2
7510	2
7511	5
7512	4
7513	2
7514	4
7515	2
7516	3
7517	1
7518	4
7519	3
7520	3
7521	4
7522	1
7523	4
7524	1
7525	3
7526	2
7527	2
7528	4
7529	4
7530	4
7531	3
7532	3
7533	1
7534	1
7535	5
7536	3
7537	3
7538	3
7539	3
7540	3
7541	4
7542	3
7543	2
7544	4
7545	5
7546	2
7547	4
7548	2
7549	3
7550	5
7551	3
7552	4
7553	3
7554	1
7555	5
7556	5
7557	3
7558	2
7559	5
7560	2
7561	4
7562	3
7563	5
7564	1
7565	3
7566	3
7567	1
7568	5
7569	5
7570	2
7571	2
7572	4
7573	2
7574	5
7575	1
7576	4
7577	1
7578	2
7579	4
7580	1
7581	2
7582	4
7583	2
7584	4
7585	4
7586	4
7587	4
7588	2
7589	4
7590	4
7591	4
7592	1
7593	2
7594	2
7595	5
7596	4
7597	4
7598	5
7599	2
7600	5
7601	4
7602	4
7603	1
7604	5
7605	4
7606	2
7607	1
7608	3
7609	3
7610	3
7611	2
7612	5
7613	4
7614	4
7615	5
7616	2
7617	3
7618	5
7619	5
7620	1
7621	5
7622	4
7623	1
7624	3
7625	2
7626	3
7627	2
7628	2
7629	5
7630	5
7631	5
7632	5
7633	5
7634	1
7635	5
7636	5
7637	1
7638	2
7639	5
7640	3
7641	3
7642	1
7643	3
7644	2
7645	2
7646	1
7647	4
7648	5
7649	2
7650	3
7651	5
7652	1
7653	5
7654	3
7655	2
7656	3
7657	4
7658	1
7659	3
7660	4
7661	1
7662	5
7663	2
7664	5
7665	2
7666	3
7667	5
7668	3
7669	1
7670	2
7671	2
7672	2
7673	4
7674	3
7675	2
7676	5
7677	1
7678	4
7679	1
7680	2
7681	2
7682	1
7683	2
7684	5
7685	4
7686	3
7687	3
7688	3
7689	2
7690	1
7691	1
7692	3
7693	2
7694	1
7695	2
7696	3
7697	3
7698	4
7699	5
7700	5
7701	3
7702	1
7703	5
7704	5
7705	1
7706	4
7707	1
7708	5
7709	3
7710	2
7711	1
7712	1
7713	5
7714	1
7715	4
7716	2
7717	3
7718	5
7719	4
7720	4
7721	3
7722	2
7723	5
7724	4
7725	1
7726	1
7727	5
7728	3
7729	4
7730	3
7731	2
7732	4
7733	5
7734	2
7735	2
7736	1
7737	4
7738	3
7739	5
7740	3
7741	1
7742	4
7743	5
7744	3
7745	3
7746	4
7747	4
7748	1
7749	2
7750	4
7751	2
7752	3
7753	2
7754	4
7755	4
7756	2
7757	1
7758	5
7759	4
7760	4
7761	4
7762	5
7763	2
7764	2
7765	3
7766	5
7767	2
7768	3
7769	3
7770	3
7771	3
7772	2
7773	1
7774	2
7775	3
7776	4
7777	1
7778	5
7779	3
7780	3
7781	4
7782	2
7783	4
7784	2
7785	1
7786	4
7787	2
7788	5
7789	1
7790	5
7791	1
7792	5
7793	4
7794	4
7795	3
7796	2
7797	4
7798	3
7799	5
7800	1
7801	5
7802	5
7803	2
7804	1
7805	3
7806	3
7807	1
7808	5
7809	3
7810	4
7811	3
7812	5
7813	4
7814	5
7815	5
7816	1
7817	4
7818	1
7819	5
7820	4
7821	2
7822	4
7823	2
7824	4
7825	3
7826	4
7827	3
7828	1
7829	3
7830	5
7831	3
7832	1
7833	4
7834	2
7835	2
7836	3
7837	1
7838	5
7839	5
7840	1
7841	3
7842	1
7843	5
7844	5
7845	3
7846	2
7847	2
7848	4
7849	4
7850	1
7851	4
7852	4
7853	4
7854	2
7855	2
7856	1
7857	3
7858	4
7859	5
7860	1
7861	3
7862	5
7863	3
7864	3
7865	3
7866	2
7867	3
7868	3
7869	1
7870	4
7871	4
7872	5
7873	2
7874	5
7875	2
7876	4
7877	5
7878	4
7879	1
7880	3
7881	4
7882	3
7883	1
7884	4
7885	3
7886	1
7887	4
7888	3
7889	5
7890	2
7891	2
7892	2
7893	4
7894	2
7895	1
7896	2
7897	4
7898	3
7899	3
7900	5
7901	1
7902	3
7903	1
7904	2
7905	3
7906	1
7907	3
7908	4
7909	4
7910	5
7911	3
7912	5
7913	1
7914	4
7915	3
7916	3
7917	2
7918	1
7919	5
7920	1
7921	5
7922	5
7923	2
7924	1
7925	3
7926	5
7927	4
7928	2
7929	2
7930	2
7931	4
7932	4
7933	2
7934	5
7935	5
7936	3
7937	4
7938	5
7939	1
7940	3
7941	5
7942	4
7943	5
7944	1
7945	5
7946	4
7947	5
7948	2
7949	3
7950	3
7951	5
7952	1
7953	3
7954	2
7955	4
7956	4
7957	1
7958	3
7959	5
7960	3
7961	2
7962	2
7963	2
7964	5
7965	3
7966	5
7967	3
7968	3
7969	3
7970	3
7971	1
7972	3
7973	5
7974	3
7975	1
7976	1
7977	3
7978	5
7979	1
7980	1
7981	1
7982	3
7983	2
7984	4
7985	1
7986	4
7987	3
7988	5
7989	4
7990	4
7991	4
7992	4
7993	2
7994	1
7995	3
7996	2
7997	1
7998	1
7999	4
8000	2
8001	1
8002	4
8003	4
8004	4
8005	3
8006	4
8007	5
8008	1
8009	4
8010	1
8011	4
8012	5
8013	1
8014	5
8015	5
8016	3
8017	2
8018	1
8019	5
8020	3
8021	3
8022	2
8023	5
8024	1
8025	2
8026	5
8027	1
8028	1
8029	4
8030	4
8031	3
8032	2
8033	1
8034	1
8035	3
8036	5
8037	2
8038	1
8039	3
8040	2
8041	4
8042	1
8043	2
8044	4
8045	1
8046	5
8047	4
8048	2
8049	3
8050	3
8051	2
8052	4
8053	4
8054	4
8055	4
8056	1
8057	4
8058	4
8059	2
8060	1
8061	3
8062	2
8063	3
8064	2
8065	2
8066	1
8067	2
8068	4
8069	3
8070	5
8071	1
8072	5
8073	1
8074	3
8075	2
8076	3
8077	4
8078	3
8079	3
8080	1
8081	2
8082	2
8083	3
8084	2
8085	4
8086	2
8087	1
8088	1
8089	4
8090	2
8091	1
8092	4
8093	5
8094	1
8095	2
8096	2
8097	1
8098	2
8099	2
8100	4
8101	5
8102	4
8103	5
8104	5
8105	1
8106	2
8107	1
8108	4
8109	2
8110	3
8111	1
8112	5
8113	3
8114	2
8115	5
8116	1
8117	1
8118	4
8119	5
8120	1
8121	2
8122	2
8123	1
8124	2
8125	2
8126	5
8127	4
8128	4
8129	3
8130	2
8131	2
8132	2
8133	2
8134	1
8135	5
8136	4
8137	5
8138	5
8139	1
8140	1
8141	1
8142	2
8143	2
8144	3
8145	1
8146	1
8147	4
8148	3
8149	3
8150	5
8151	4
8152	4
8153	1
8154	2
8155	2
8156	4
8157	3
8158	4
8159	3
8160	4
8161	2
8162	5
8163	4
8164	2
8165	2
8166	1
8167	4
8168	5
8169	3
8170	5
8171	4
8172	5
8173	4
8174	5
8175	5
8176	5
8177	2
8178	4
8179	2
8180	1
8181	1
8182	2
8183	3
8184	1
8185	3
8186	4
8187	3
8188	5
8189	1
8190	1
8191	4
8192	1
8193	3
8194	3
8195	2
8196	2
8197	5
8198	1
8199	5
8200	5
8201	1
8202	1
8203	4
8204	1
8205	3
8206	3
8207	4
8208	4
8209	3
8210	5
8211	2
8212	5
8213	1
8214	3
8215	2
8216	4
8217	3
8218	2
8219	1
8220	2
8221	2
8222	1
8223	2
8224	2
8225	2
8226	5
8227	5
8228	5
8229	2
8230	1
8231	2
8232	5
8233	1
8234	1
8235	2
8236	1
8237	1
8238	5
8239	5
8240	3
8241	1
8242	5
8243	4
8244	4
8245	3
8246	5
8247	5
8248	1
8249	3
8250	3
8251	5
8252	3
8253	5
8254	1
8255	3
8256	4
8257	2
8258	2
8259	5
8260	5
8261	5
8262	4
8263	5
8264	4
8265	2
8266	1
8267	2
8268	1
8269	4
8270	4
8271	2
8272	1
8273	5
8274	1
8275	5
8276	2
8277	5
8278	4
8279	2
8280	1
8281	4
8282	1
8283	3
8284	3
8285	2
8286	4
8287	3
8288	3
8289	3
8290	4
8291	2
8292	4
8293	1
8294	3
8295	1
8296	1
8297	4
8298	5
8299	4
8300	2
8301	3
8302	3
8303	5
8304	4
8305	4
8306	5
8307	5
8308	3
8309	1
8310	5
8311	4
8312	4
8313	5
8314	2
8315	2
8316	2
8317	5
8318	2
8319	3
8320	1
8321	4
8322	3
8323	1
8324	5
8325	4
8326	3
8327	1
8328	2
8329	3
8330	3
8331	5
8332	1
8333	3
8334	4
8335	4
8336	5
8337	4
8338	3
8339	1
8340	3
8341	3
8342	4
8343	3
8344	2
8345	3
8346	1
8347	5
8348	2
8349	3
8350	4
8351	1
8352	3
8353	1
8354	3
8355	3
8356	2
8357	5
8358	4
8359	4
8360	5
8361	5
8362	5
8363	4
8364	1
8365	2
8366	2
8367	5
8368	4
8369	2
8370	1
8371	4
8372	5
8373	2
8374	5
8375	3
8376	5
8377	4
8378	2
8379	2
8380	2
8381	5
8382	2
8383	4
8384	2
8385	3
8386	2
8387	4
8388	3
8389	2
8390	2
8391	3
8392	5
8393	3
8394	5
8395	3
8396	1
8397	1
8398	3
8399	5
8400	4
8401	5
8402	3
8403	3
8404	1
8405	2
8406	4
8407	5
8408	4
8409	4
8410	4
8411	1
8412	4
8413	1
8414	2
8415	4
8416	3
8417	4
8418	1
8419	1
8420	3
8421	1
8422	1
8423	2
8424	3
8425	1
8426	1
8427	5
8428	3
8429	5
8430	4
8431	4
8432	2
8433	5
8434	3
8435	1
8436	1
8437	3
8438	3
8439	1
8440	2
8441	2
8442	4
8443	2
8444	1
8445	3
8446	5
8447	2
8448	3
8449	4
8450	2
8451	1
8452	4
8453	2
8454	5
8455	1
8456	3
8457	1
8458	2
8459	3
8460	2
8461	5
8462	3
8463	1
8464	5
8465	1
8466	3
8467	4
8468	5
8469	4
8470	2
8471	5
8472	3
8473	1
8474	3
8475	1
8476	2
8477	3
8478	1
8479	2
8480	4
8481	5
8482	5
8483	2
8484	4
8485	5
8486	4
8487	1
8488	5
8489	5
8490	2
8491	2
8492	3
8493	4
8494	4
8495	1
8496	2
8497	1
8498	1
8499	4
8500	3
8501	3
8502	2
8503	5
8504	1
8505	1
8506	3
8507	4
8508	3
8509	5
8510	3
8511	2
8512	3
8513	1
8514	5
8515	2
8516	1
8517	3
8518	2
8519	2
8520	3
8521	5
8522	5
8523	1
8524	1
8525	2
8526	5
8527	2
8528	2
8529	2
8530	3
8531	1
8532	4
8533	2
8534	4
8535	5
8536	1
8537	5
8538	2
8539	1
8540	3
8541	1
8542	1
8543	4
8544	5
8545	4
8546	2
8547	5
8548	4
8549	1
8550	4
8551	1
8552	1
8553	3
8554	4
8555	2
8556	5
8557	3
8558	5
8559	2
8560	5
8561	3
8562	1
8563	1
8564	4
8565	1
8566	5
8567	3
8568	4
8569	2
8570	1
8571	5
8572	2
8573	1
8574	1
8575	4
8576	3
8577	4
8578	5
8579	2
8580	3
8581	4
8582	3
8583	4
8584	3
8585	5
8586	2
8587	4
8588	1
8589	2
8590	3
8591	2
8592	4
8593	5
8594	5
8595	5
8596	4
8597	4
8598	4
8599	3
8600	4
8601	2
8602	3
8603	5
8604	4
8605	4
8606	3
8607	5
8608	1
8609	3
8610	2
8611	1
8612	1
8613	1
8614	2
8615	2
8616	4
8617	2
8618	3
8619	4
8620	2
8621	4
8622	1
8623	3
8624	4
8625	3
8626	4
8627	4
8628	4
8629	4
8630	2
8631	5
8632	5
8633	1
8634	3
8635	4
8636	5
8637	1
8638	5
8639	3
8640	1
8641	2
8642	2
8643	1
8644	2
8645	2
8646	5
8647	5
8648	3
8649	3
8650	4
8651	5
8652	5
8653	1
8654	5
8655	2
8656	1
8657	5
8658	5
8659	2
8660	4
8661	3
8662	4
8663	1
8664	5
8665	4
8666	2
8667	5
8668	2
8669	1
8670	4
8671	2
8672	1
8673	2
8674	4
8675	3
8676	2
8677	4
8678	2
8679	5
8680	1
8681	5
8682	5
8683	1
8684	1
8685	3
8686	4
8687	4
8688	3
8689	2
8690	3
8691	5
8692	5
8693	2
8694	2
8695	4
8696	2
8697	4
8698	3
8699	1
8700	2
8701	3
8702	1
8703	3
8704	1
8705	3
8706	2
8707	5
8708	3
8709	5
8710	1
8711	5
8712	2
8713	1
8714	1
8715	2
8716	3
8717	3
8718	1
8719	2
8720	2
8721	5
8722	4
8723	2
8724	2
8725	5
8726	5
8727	4
8728	5
8729	1
8730	1
8731	3
8732	4
8733	1
8734	2
8735	5
8736	5
8737	4
8738	1
8739	3
8740	1
8741	2
8742	3
8743	2
8744	1
8745	3
8746	2
8747	5
8748	2
8749	2
8750	5
8751	2
8752	5
8753	2
8754	1
8755	4
8756	3
8757	1
8758	5
8759	3
8760	1
8761	5
8762	2
8763	5
8764	5
8765	1
8766	5
8767	5
8768	1
8769	5
8770	3
8771	5
8772	3
8773	2
8774	4
8775	4
8776	2
8777	2
8778	1
8779	5
8780	3
8781	5
8782	2
8783	4
8784	3
8785	2
8786	5
8787	2
8788	1
8789	2
8790	2
8791	3
8792	3
8793	5
8794	5
8795	5
8796	3
8797	3
8798	5
8799	3
8800	4
8801	1
8802	2
8803	4
8804	3
8805	1
8806	3
8807	4
8808	4
8809	4
8810	2
8811	1
8812	5
8813	3
8814	2
8815	2
8816	1
8817	4
8818	5
8819	1
8820	4
8821	4
8822	5
8823	3
8824	2
8825	4
8826	3
8827	3
8828	2
8829	2
8830	4
8831	1
8832	4
8833	2
8834	4
8835	2
8836	5
8837	2
8838	4
8839	2
8840	3
8841	2
8842	3
8843	2
8844	1
8845	1
8846	4
8847	2
8848	5
8849	1
8850	4
8851	2
8852	4
8853	2
8854	3
8855	4
8856	2
8857	2
8858	4
8859	4
8860	3
8861	2
8862	2
8863	4
8864	5
8865	1
8866	4
8867	5
8868	5
8869	5
8870	3
8871	5
8872	3
8873	1
8874	5
8875	3
8876	2
8877	3
8878	2
8879	4
8880	1
8881	4
8882	4
8883	4
8884	5
8885	1
8886	4
8887	2
8888	4
8889	1
8890	4
8891	1
8892	3
8893	5
8894	5
8895	2
8896	4
8897	2
8898	3
8899	4
8900	5
8901	1
8902	2
8903	2
8904	3
8905	2
8906	4
8907	3
8908	4
8909	3
8910	3
8911	2
8912	4
8913	2
8914	4
8915	5
8916	4
8917	3
8918	1
8919	5
8920	3
8921	2
8922	2
8923	5
8924	4
8925	5
8926	1
8927	2
8928	2
8929	2
8930	5
8931	2
8932	2
8933	2
8934	2
8935	3
8936	3
8937	1
8938	3
8939	2
8940	3
8941	4
8942	3
8943	1
8944	1
8945	1
8946	3
8947	1
8948	3
8949	2
8950	3
8951	2
8952	2
8953	2
8954	5
8955	4
8956	4
8957	5
8958	5
8959	2
8960	1
8961	1
8962	5
8963	5
8964	2
8965	4
8966	4
8967	5
8968	5
8969	2
8970	1
8971	4
8972	1
8973	1
8974	2
8975	5
8976	2
8977	3
8978	3
8979	2
8980	4
8981	1
8982	5
8983	2
8984	1
8985	2
8986	4
8987	3
8988	5
8989	2
8990	3
8991	2
8992	5
8993	4
8994	3
8995	3
8996	5
8997	4
8998	2
8999	1
9000	4
9001	5
9002	3
9003	2
9004	4
9005	5
9006	2
9007	4
9008	4
9009	4
9010	4
9011	5
9012	3
9013	4
9014	5
9015	1
9016	1
9017	1
9018	5
9019	3
9020	1
9021	3
9022	1
9023	2
9024	1
9025	3
9026	5
9027	1
9028	2
9029	5
9030	3
9031	5
9032	2
9033	4
9034	4
9035	1
9036	1
9037	5
9038	1
9039	2
9040	1
9041	4
9042	4
9043	2
9044	5
9045	3
9046	3
9047	4
9048	1
9049	3
9050	5
9051	4
9052	4
9053	4
9054	3
9055	3
9056	2
9057	3
9058	3
9059	5
9060	5
9061	2
9062	4
9063	5
9064	2
9065	5
9066	5
9067	2
9068	4
9069	3
9070	2
9071	2
9072	3
9073	1
9074	2
9075	1
9076	4
9077	5
9078	2
9079	2
9080	5
9081	4
9082	2
9083	2
9084	4
9085	5
9086	4
9087	2
9088	2
9089	3
9090	4
9091	1
9092	5
9093	4
9094	3
9095	4
9096	3
9097	2
9098	2
9099	5
9100	4
9101	3
9102	3
9103	2
9104	5
9105	3
9106	1
9107	5
9108	4
9109	4
9110	2
9111	4
9112	3
9113	4
9114	4
9115	5
9116	2
9117	1
9118	4
9119	5
9120	2
9121	2
9122	5
9123	3
9124	5
9125	4
9126	1
9127	3
9128	2
9129	5
9130	3
9131	1
9132	3
9133	5
9134	3
9135	1
9136	3
9137	5
9138	5
9139	1
9140	5
9141	5
9142	5
9143	5
9144	2
9145	2
9146	1
9147	2
9148	1
9149	4
9150	3
9151	4
9152	5
9153	5
9154	3
9155	3
9156	2
9157	1
9158	4
9159	4
9160	3
9161	5
9162	2
9163	3
9164	1
9165	2
9166	4
9167	5
9168	4
9169	5
9170	3
9171	2
9172	3
9173	2
9174	2
9175	4
9176	3
9177	5
9178	2
9179	4
9180	2
9181	2
9182	2
9183	4
9184	1
9185	3
9186	2
9187	1
9188	4
9189	5
9190	2
9191	1
9192	5
9193	4
9194	4
9195	3
9196	2
9197	3
9198	1
9199	2
9200	5
9201	3
9202	5
9203	5
9204	3
9205	4
9206	3
9207	4
9208	4
9209	1
9210	5
9211	1
9212	4
9213	5
9214	3
9215	1
9216	1
9217	4
9218	1
9219	4
9220	2
9221	3
9222	3
9223	3
9224	5
9225	4
9226	5
9227	4
9228	2
9229	2
9230	4
9231	1
9232	5
9233	3
9234	4
9235	3
9236	1
9237	1
9238	5
9239	1
9240	1
9241	3
9242	3
9243	3
9244	5
9245	1
9246	4
9247	4
9248	5
9249	3
9250	2
9251	2
9252	4
9253	2
9254	2
9255	1
9256	4
9257	2
9258	4
9259	4
9260	4
9261	5
9262	4
9263	4
9264	1
9265	5
9266	3
9267	1
9268	4
9269	5
9270	3
9271	3
9272	1
9273	4
9274	3
9275	2
9276	4
9277	5
9278	3
9279	2
9280	4
9281	4
9282	3
9283	1
9284	5
9285	1
9286	4
9287	3
9288	5
9289	3
9290	3
9291	4
9292	3
9293	1
9294	3
9295	3
9296	5
9297	5
9298	2
9299	1
9300	1
9301	3
9302	5
9303	1
9304	2
9305	1
9306	5
9307	4
9308	5
9309	4
9310	3
9311	1
9312	3
9313	3
9314	3
9315	5
9316	5
9317	5
9318	3
9319	4
9320	1
9321	1
9322	2
9323	5
9324	1
9325	4
9326	1
9327	5
9328	2
9329	5
9330	5
9331	2
9332	2
9333	1
9334	5
9335	4
9336	1
9337	4
9338	1
9339	1
9340	4
9341	1
9342	1
9343	1
9344	3
9345	3
9346	1
9347	1
9348	3
9349	2
9350	1
9351	4
9352	3
9353	5
9354	3
9355	1
9356	5
9357	1
9358	1
9359	3
9360	5
9361	3
9362	4
9363	2
9364	2
9365	4
9366	5
9367	1
9368	1
9369	3
9370	5
9371	4
9372	1
9373	4
9374	4
9375	2
9376	1
9377	5
9378	4
9379	3
9380	2
9381	2
9382	3
9383	1
9384	4
9385	2
9386	5
9387	4
9388	1
9389	5
9390	1
9391	2
9392	2
9393	2
9394	4
9395	1
9396	5
9397	4
9398	2
9399	4
9400	5
9401	2
9402	3
9403	1
9404	4
9405	5
9406	5
9407	4
9408	3
9409	1
9410	2
9411	4
9412	3
9413	2
9414	5
9415	2
9416	1
9417	2
9418	5
9419	4
9420	1
9421	1
9422	1
9423	5
9424	3
9425	2
9426	4
9427	4
9428	2
9429	4
9430	3
9431	2
9432	3
9433	5
9434	4
9435	5
9436	3
9437	2
9438	1
9439	1
9440	3
9441	1
9442	3
9443	5
9444	1
9445	2
9446	3
9447	4
9448	1
9449	4
9450	3
9451	1
9452	1
9453	1
9454	3
9455	4
9456	1
9457	1
9458	4
9459	5
9460	3
9461	4
9462	3
9463	2
9464	2
9465	3
9466	4
9467	3
9468	3
9469	2
9470	4
9471	1
9472	1
9473	4
9474	1
9475	4
9476	5
9477	5
9478	2
9479	5
9480	3
9481	5
9482	5
9483	2
9484	5
9485	4
9486	2
9487	3
9488	4
9489	3
9490	1
9491	5
9492	3
9493	1
9494	1
9495	4
9496	2
9497	4
9498	3
9499	4
9500	4
9501	2
9502	3
9503	4
9504	4
9505	5
9506	4
9507	2
9508	3
9509	2
9510	4
9511	3
9512	1
9513	4
9514	4
9515	5
9516	3
9517	3
9518	4
9519	5
9520	2
9521	1
9522	4
9523	1
9524	3
9525	4
9526	3
9527	5
9528	2
9529	3
9530	3
9531	2
9532	4
9533	3
9534	4
9535	3
9536	5
9537	5
9538	3
9539	5
9540	3
9541	5
9542	1
9543	2
9544	3
9545	2
9546	4
9547	4
9548	4
9549	4
9550	4
9551	5
9552	2
9553	2
9554	1
9555	4
9556	3
9557	1
9558	4
9559	5
9560	3
9561	1
9562	1
9563	2
9564	3
9565	1
9566	1
9567	1
9568	4
9569	1
9570	5
9571	1
9572	2
9573	1
9574	5
9575	1
9576	2
9577	1
9578	3
9579	2
9580	3
9581	5
9582	1
9583	5
9584	3
9585	5
9586	2
9587	5
9588	1
9589	4
9590	5
9591	2
9592	4
9593	5
9594	3
9595	5
9596	4
9597	1
9598	1
9599	5
9600	2
9601	1
9602	1
9603	3
9604	2
9605	5
9606	3
9607	2
9608	3
9609	3
9610	3
9611	5
9612	1
9613	1
9614	2
9615	4
9616	3
9617	4
9618	2
9619	1
9620	2
9621	5
9622	4
9623	3
9624	2
9625	3
9626	2
9627	1
9628	1
9629	5
9630	5
9631	5
9632	4
9633	4
9634	2
9635	2
9636	1
9637	2
9638	4
9639	2
9640	1
9641	1
9642	4
9643	2
9644	1
9645	2
9646	4
9647	2
9648	4
9649	4
9650	5
9651	4
9652	1
9653	4
9654	2
9655	5
9656	4
9657	1
9658	4
9659	3
9660	2
9661	4
9662	3
9663	4
9664	2
9665	4
9666	1
9667	1
9668	5
9669	2
9670	5
9671	3
9672	2
9673	2
9674	3
9675	2
9676	5
9677	2
9678	1
9679	4
9680	4
9681	4
9682	1
9683	2
9684	4
9685	1
9686	1
9687	5
9688	5
9689	5
9690	1
9691	4
9692	3
9693	5
9694	4
9695	1
9696	5
9697	3
9698	3
9699	3
9700	2
9701	2
9702	2
9703	1
9704	4
9705	1
9706	5
9707	1
9708	3
9709	2
9710	4
9711	3
9712	1
9713	1
9714	3
9715	3
9716	5
9717	2
9718	4
9719	4
9720	1
9721	4
9722	3
9723	1
9724	3
9725	2
9726	5
9727	2
9728	4
9729	5
9730	5
9731	2
9732	2
9733	1
9734	3
9735	5
9736	5
9737	1
9738	5
9739	1
9740	4
9741	3
9742	4
9743	4
9744	5
9745	4
9746	2
9747	5
9748	2
9749	1
9750	2
9751	3
9752	4
9753	5
9754	1
9755	5
9756	1
9757	2
9758	1
9759	3
9760	4
9761	4
9762	3
9763	3
9764	3
9765	5
9766	5
9767	3
9768	3
9769	2
9770	1
9771	4
9772	1
9773	1
9774	1
9775	5
9776	1
9777	2
9778	4
9779	5
9780	1
9781	3
9782	2
9783	1
9784	5
9785	3
9786	5
9787	2
9788	5
9789	1
9790	3
9791	4
9792	1
9793	5
9794	5
9795	4
9796	3
9797	3
9798	2
9799	1
9800	2
9801	4
9802	3
9803	5
9804	4
9805	4
9806	2
9807	3
9808	2
9809	5
9810	1
9811	3
9812	1
9813	5
9814	5
9815	2
9816	3
9817	4
9818	3
9819	1
9820	4
9821	4
9822	4
9823	4
9824	2
9825	4
9826	5
9827	5
9828	4
9829	3
9830	4
9831	2
9832	1
9833	5
9834	3
9835	1
9836	2
9837	3
9838	3
9839	4
9840	2
9841	2
9842	1
9843	3
9844	4
9845	5
9846	1
9847	2
9848	2
9849	3
9850	2
9851	2
9852	2
9853	4
9854	5
9855	4
9856	2
9857	1
9858	5
9859	1
9860	3
9861	1
9862	3
9863	5
9864	3
9865	1
9866	2
9867	2
9868	5
9869	5
9870	4
9871	2
9872	3
9873	4
9874	1
9875	4
9876	3
9877	1
9878	1
9879	5
9880	3
9881	5
9882	3
9883	3
9884	1
9885	4
9886	1
9887	1
9888	3
9889	5
9890	3
9891	3
9892	4
9893	3
9894	3
9895	3
9896	2
9897	4
9898	1
9899	3
9900	5
9901	2
9902	2
9903	3
9904	4
9905	4
9906	5
9907	2
9908	3
9909	2
9910	2
9911	3
9912	5
9913	1
9914	4
9915	1
9916	2
9917	5
9918	2
9919	2
9920	2
9921	5
9922	1
9923	4
9924	2
9925	4
9926	1
9927	5
9928	3
9929	5
9930	2
9931	1
9932	3
9933	1
9934	4
9935	4
9936	4
9937	3
9938	3
9939	2
9940	2
9941	5
9942	2
9943	1
9944	3
9945	4
9946	2
9947	4
9948	2
9949	5
9950	4
9951	2
9952	1
9953	4
9954	5
9955	5
9956	3
9957	5
9958	3
9959	5
9960	1
9961	3
9962	4
9963	4
9964	5
9965	5
9966	5
9967	4
9968	1
9969	1
9970	5
9971	1
9972	3
9973	4
9974	3
9975	3
9976	4
9977	2
9978	3
9979	5
9980	3
9981	5
9982	5
9983	5
9984	3
9985	1
9986	2
9987	5
9988	1
9989	5
9990	4
9991	1
9992	5
9993	2
9994	3
9995	1
9996	3
9997	3
9998	1
9999	5
